cid,type_id,adv_id,premise,context
组件id,组件类型名,组件限定的剧情npcid,前提id,组件内容
str,str,int,str,str
0,0,0,0,1
组件配置数据,,,,


1000,action_part_s_orgasm_strong_A,0,CVP_A2_T|6_E_0&CVP_A2_T|7_E_1&CVP_A2_T|222_E_1,稚嫩的{TargetName}整片皮肤蓦地掀起猛烈的战栗，成片的酥麻如电流般窜过每一寸肌肤，强度远超以往任何一次。\n连续被玩到高潮许多次后，那本无感的皮肤竟被开发得如此敏感，如今连最轻的碰触都能引发全身剧烈颤栗。\n泛红发烫的肌肤上汗水如瀑布般涌落，青涩的下体也反射性地狂涌爱液。\n年幼无知的她根本不懂身体为何这样，只能在陌生而汹涌的强绝顶里懵懂地失神颤抖。
1001,action_part_s_orgasm_strong_A,0,CVP_A2_T|6_E_0&CVP_A2_T|7_E_1&CVP_A2_T|222_E_1,一波远比从前更凶猛的快感成片漫过{TargetName}稚嫩的皮肤，酥麻如潮水般涌遍全身，激得娇小的身子剧烈痉挛。\n那被反复调教到敏感的皮肤早已越过从前的极限，这一次的强绝顶烈到连一寸肌肤都难以承受。\n汗水从泛红的毛孔里大量沁出淌满周身，稚嫩的花穴还失禁般涌出大量爱液。\n对性事一无所知的她只觉得有什么可怕的东西正把自己冲垮，却根本说不清那究竟是什么。
1002,action_part_s_orgasm_strong_A,0,CVP_A2_T|6_E_0&CVP_A2_T|7_E_1&CVP_A2_T|222_E_1,{TargetName}那本不该有性感的皮肤忽然爆发出滔天般的战栗，酥麻从表面一路成片扩散，比普通高潮猛烈太多。\n经过一次次绝顶的累积，青涩肌肤的敏感度攀上了新的台阶，如今轻轻一碰便能让整个人剧烈颤栗失控。\n发烫的皮肤上汗珠成串滚落，稚嫩下体也不受控地喷涌出大量爱液。\n懵懂的她惊慌地睁大眼，完全不明白这汹涌的快感意味着什么，更不知这样下去会招致怎样的后果。
1003,action_part_s_orgasm_strong_A,0,CVP_A2_T|6_E_0&CVP_A2_T|7_E_1&CVP_A2_T|222_E_1,强烈到近乎失控的酥麻猛地席卷{TargetName}的整片皮肤，如无数电流窜过肌肤表面，把稚嫩的身子彻底淹没。\n被连续玩弄到高潮多次的皮肤敏感度已陡然提升，这一次的绝顶远远盖过了之前所有的快感峰值。\n泛红滚烫的肌肤大量渗汗淌落，青涩的花穴狂涌爱液甚至伴着小幅潮吹。\n她根本不懂这具已能孕育生命的身体为何会如此，只是在陌生的极致快感中懵懂无措地颤栗着。
1004,action_part_s_orgasm_strong_A,0,CVP_A2_T|6_E_0&CVP_A2_T|7_E_1&CVP_A2_T|222_E_1,{TargetName}成片的皮肤蓦然翻涌起一阵猛烈的酥麻战栗，快感如电流般成片窜过每一寸肌肤，强烈得叫人无从招架。\n那本无性感的皮肤被反复开发后敏感度更上一层，如今最轻微的触碰都能激起全身失控的颤栗。\n发烫泛红的肌肤汗如雨下淌满周身，稚嫩下体亦反射性地涌出大股爱液。\n年幼而对性懵懂的她只能失神地承受这陌生汹涌的强绝顶，全然不解自己身上究竟发生了什么。

1005,action_part_s_orgasm_strong_A,0,CVP_A2_T|6_E_0&CVP_A2_T|7_E_1&CVP_A2_T|222_E_0,还未成年的{TargetName}那具稚嫩身体早被反复调教得离谱敏感，连普通皮肤都成了能被玩到绝顶的性感带。\n这次强绝顶远比以往的普通绝顶更凶，如电流般的酥麻从皮肤成片窜过、烧遍全身，敏感度攀上新台阶后连最轻的触碰都叫她剧烈颤栗。\n泛红发烫的肌肤大量沁出汗水淌落，花穴反射性地狂涌爱液。\n对性满怀好奇的她心里清楚被开发成这样意味着什么，却只顾着在这非常强的绝顶里失神发抖。
1006,action_part_s_orgasm_strong_A,0,CVP_A2_T|6_E_0&CVP_A2_T|7_E_1&CVP_A2_T|222_E_0,{TargetName}年幼的身子猛地绷成一片颤栗，被抚弄的皮肤成片爆开酥麻，如潮水般漫过她每一寸肌肤。\n这已不是先前那种普通绝顶，而是连续高潮多次、敏感度拔高一档后迎来的非常强的绝顶，强烈到连最轻的碰触都令她承受不住。\n通红滚烫的皮肤如瀑布般涌出汗水，下体也止不住地喷溅爱液，甚至伴着小幅潮吹。\n虽未成年，她却懂得这份快感的含义，好奇又贪恋地任由这股洪流将自己冲得神志涣散。
1007,action_part_s_orgasm_strong_A,0,CVP_A2_T|6_E_0&CVP_A2_T|7_E_1&CVP_A2_T|222_E_0,被开发到反常敏感的皮肤在这一刻迎来了远超普通绝顶的强绝顶，{TargetName}稚嫩的身体成片战栗起来。\n酥麻如电流般一波接一波窜过肌肤，敏感度升上新台阶后，连风一般的轻触都能把她烧得从皮肤一路酥到脑髓。\n汗水从泛红发烫的毛孔大量渗出、淌满全身，花穴同时狂涌出大量爱液。\n未成年却早已懂事的她，怀着对性的好奇，在这非常强的绝顶里彻底失了神。
1008,action_part_s_orgasm_strong_A,0,CVP_A2_T|6_E_0&CVP_A2_T|7_E_1&CVP_A2_T|222_E_0,连普通皮肤都能被玩到高潮的{TargetName}此刻正经历强绝顶，年轻的躯体被成片扩散的酥麻彻底攫住。\n这股快感的烈度远非之前的普通绝顶可比，是在连绝顶多次、敏感度陡然拔高之后迎来的非常强的绝顶，强到她每一寸皮肤都在承受不住地颤抖。\n滚烫泛红的肌肤大量沁汗淌落，下身反射性地涌出爱液浸湿一片。\n她虽未成年却深知这意味着什么，却带着好奇沉沦在这几乎冲垮意识的绝顶中。
1009,action_part_s_orgasm_strong_A,0,CVP_A2_T|6_E_0&CVP_A2_T|7_E_1&CVP_A2_T|222_E_0,{TargetName}那尚显稚嫩的身体在强绝顶中剧烈痉挛，被触碰的皮肤成片泛起酥麻，如电流般窜遍全身。\n这次绝顶比以往任何一次普通绝顶都要猛烈得多，敏感度攀上新的台阶后，连最细微的抚弄都能令她整片肌肤颤栗失控。\n通红发烫的皮肤大量涌出汗水如瀑淌下，花穴也随之狂喷爱液。\n年幼而好奇的她清楚自己被开发成了何等模样，却只能迷乱地在这非常强的绝顶里颤抖失神。

1010,action_part_s_orgasm_strong_A,0,CVP_A2_T|7_E_0&CVP_A2_T|222_E_1,成熟饱满的身子配上一张懵懂无知的脸，{TargetName}茫然地迎来了这股远比以往更凶猛的绝顶。\n皮肤在连番高潮后敏感度又攀上一个新的台阶，此刻连最轻的碰触都叫肌肤成片炸开酥麻的战栗。\n成熟的皮肤彻底泛红发烫，汗水如瀑布般从毛孔涌出淌满全身，下体也失控地狂涌出爱液。\n她根本不懂自己的身体为何这样剧烈颤抖，只能在失神里承受，意识几乎被这陌生的快感彻底冲垮。
1011,action_part_s_orgasm_strong_A,0,CVP_A2_T|7_E_0&CVP_A2_T|222_E_1,{TargetName}有着成熟女子的丰腴曲线，心智却单纯得像个孩子，此刻正被一场极强的绝顶冲得瑟瑟发抖。\n经过一次次连续绝顶，那片皮肤的敏感度已被开发到反常的地步，轻轻一擦便令整片肌肤电流般酥麻乱窜。\n泛红的皮肤上汗珠密密涌出、成串滚落，下体更是止不住地喷涌爱液，甚至溅出细小的水花。\n她不明白这排山倒海的快意意味着什么，只是懵懂又慌乱地在剧烈的颤栗中失了神。
1012,action_part_s_orgasm_strong_A,0,CVP_A2_T|7_E_0&CVP_A2_T|222_E_1,明明拥有一具成熟诱人的躯体，{TargetName}却对涌上来的猛烈快感一无所知，只能茫然承受这远超寻常的强绝顶。\n她的皮肤在反复高潮后敏感得反常，如今连一丝气息拂过都能引发全身成片的战栗痉挛。\n发烫的肌肤被汗水浸得晶亮、一层层淌落，下体的爱液也大股大股地涌出，将腿间冲得一片泥泞。\n这股本不该属于普通皮肤的快感将她的意识冲得七零八落，她惊惶又迷乱地颤抖着，不解身体为何如此。
1013,action_part_s_orgasm_strong_A,0,CVP_A2_T|7_E_0&CVP_A2_T|222_E_1,{TargetName}的身体早已长成，认知却仍停留在什么都不懂的孩童，此刻茫然地被一场极强的绝顶席卷。\n那片被反复玩弄到多次高潮的皮肤，敏感度已跃上崭新的台阶，轻微的触碰便叫肌肤成片酥麻炸裂。\n成熟的皮肤红透发烫，汗水如注般从毛孔喷涌而下，下体也反射性地狂涌爱液，甚至小幅潮吹。\n她根本无从理解这陌生而剧烈的浪潮，只能睁大眼睛在失神的颤栗中承受，意识几乎被快感冲垮。
1014,action_part_s_orgasm_strong_A,0,CVP_A2_T|7_E_0&CVP_A2_T|222_E_1,拥有成熟胴体的{TargetName}对性事仍是一片空白，此刻却被一股前所未有的强烈绝顶彻底攫住。\n连续多次的高潮让她的皮肤敏感度陡升一阶，此刻连最细微的碰触都令整片肌肤酥麻战栗、难以承受。\n她成熟的皮肤成片泛红滚烫，汗水如瀑淌落全身，下体的爱液也不受控制地汹涌而出。\n她懵懂地承受着这本不该有的皮肤快感，在剧烈的失神颤抖里，连自己怎么了都茫然不解。

1015,action_part_s_orgasm_strong_A,0,CVP_A2_T|102_E_1&high_1,在皮肤连续攀上绝顶许多次之后，{TargetName}幼小躯体的敏感度悄然跃上了一个全新的台阶，此刻迎来了一场远比寻常绝顶凶猛的强烈高潮。\n稚嫩的肌肤成片地泛红发烫，酥麻如电流般窜过每一寸皮肤，豆大的汗珠从毛孔里争先涌出淌落全身，下体的爱液也失禁似地狂涌而出。\n这具本不该有快感的幼小皮肤竟被开发到如此敏感，强烈的快意几乎将她小小的意识冲垮，只余下失神的颤栗。
1016,action_part_s_orgasm_strong_A,0,CVP_A2_T|102_E_1&high_1,经历了皮肤上一次又一次的绝顶，{TargetName}那稚嫩肌肤的感度早已被拔高到崭新的高度，这一回连最轻的碰触都能引爆全身的剧烈颤栗。\n幼小的身子骤然绷成一张弓，成片的酥麻如潮水般漫过肌肤，比先前的高潮猛烈太多，滚烫的汗水沿着泛红的皮肤淌落，稚嫩的花穴更是涌出大量爱液甚至溅出细小的水花。\n她小小的脑袋一片空白，几乎被这股本不该降临在幼童皮肤上的强烈快感彻底淹没。
1017,action_part_s_orgasm_strong_A,0,CVP_A2_T|102_E_1&high_1,皮肤在连番绝顶的洗礼后终于攀上了新的敏感台阶，{TargetName}这具幼小的身躯就此迎来一场强度远胜从前的绝顶。\n每一寸稚嫩的皮肤都成片地窜过难以承受的酥麻电流，肌肤彻底泛红滚烫，汗水如瀑般从毛孔喷涌淌满全身，下体的爱液也汹涌地夺眶而出。\n本不该被开发出快感的幼女皮肤竟敏感到这般地步，剧烈的快意将她小小的意识冲得七零八落，只剩颤抖着失神。
1018,action_part_s_orgasm_strong_A,0,CVP_A2_T|102_E_1&high_1,连续多次的皮肤绝顶把{TargetName}幼小的肌肤磨得敏感到了一个前所未有的台阶，如今哪怕最细微的触碰都会掀起铺天盖地的战栗。\n稚嫩的身躯剧烈地颤栗痉挛，酥麻的快感自泛红发烫的皮肤成片扩散，汗珠密密麻麻地涌出滚落，稚嫩的下体涌出大量爱液泛着水光。\n这股远超普通绝顶的猛烈快意几乎冲垮了她小小的神智，幼小的她只能失神地承受着皮肤带来的极致颤栗。
1019,action_part_s_orgasm_strong_A,0,CVP_A2_T|102_E_1&high_1,在皮肤被反复送上绝顶之后，{TargetName}幼小躯体的感度已悄然登上一层新的台阶，这一次的高潮凶猛得远非之前可比。\n成片的酥麻如电流窜遍每一寸稚嫩皮肤，幼嫩的肌肤烧得通红滚烫，大量汗水自毛孔汩汩渗出淌满全身，下体更是失禁般地喷涌爱液。\n连普通皮肤都能被玩到如此敏感的反常快感将她小小的意识几乎冲垮，幼小的身子只能在剧烈的颤栗中彻底失神。

1020,action_part_s_orgasm_strong_A,0,CVP_A2_T|103_E_1,娇小的{TargetName}整片皮肤蓦地绷紧，稚嫩的身子剧烈颤栗，一波远比以往凶猛的酥麻自体表成片炸开。\n连续绝顶太多次后，这具幼小皮肤的敏感度早已窜上新的台阶，连最轻的碰触都化作电流般窜遍全身，逼得她意识几乎被冲垮。\n泛红发烫的皮肤上汗水如瀑涌落，下体反射性地狂涌爱液，娇嫩的腰肢反复弓起又瘫软，青涩小脸失神地抽搐。
1021,action_part_s_orgasm_strong_A,0,CVP_A2_T|103_E_1,这一次的绝顶远比从前任何一次都要猛烈，{TargetName}幼小的躯体从头到脚被一阵滔天的酥麻彻底淹没。\n反复的高潮已把她的皮肤开发到了违背常理的地步，如今整片体表敏感得不可思议，稍一触碰便有电流般的快感成片窜开，稚嫩的身子失控地痉挛颤抖。\n发烫泛红的皮肤上密密沁出汗珠，很快汇成细流淌满全身，花穴深处也失禁般涌出大量爱液，娇小的她在这前所未有的强烈快感里颤栗失神。
1022,action_part_s_orgasm_strong_A,0,CVP_A2_T|103_E_1,娇嫩的{TargetName}猛地仰起脖颈，一场远超以往的强烈绝顶将她幼小的身体彻底击穿，成片的酥麻如电流般自皮肤表层狂扫全身。\n连番高潮让这具稚嫩皮肤的敏感度攀上新阶，本不该有快感的普通肌肤此刻竟被开发得连轻触都难以承受，快感一浪高过一浪地冲垮她的意识。\n通红发烫的皮肤上汗水滚滚淌落，下体涌出汹涌爱液，小小的身子剧烈痉挛，反复弓起又软倒，稚气的脸上写满失神迷乱。
1023,action_part_s_orgasm_strong_A,0,CVP_A2_T|103_E_1,{TargetName}稚嫩的身躯在这一瞬被强烈的绝顶彻底攫住，酥麻的快感自皮肤成片漫开，如无数电流交织着窜过每一寸肌肤。\n经历了一次又一次的高潮，她娇小身体的皮肤敏感度已跃上崭新的高度，如今哪怕最细微的触感都会掀起铺天盖地的颤栗，逼得幼小的她几乎失去神智。\n滚烫泛红的体表汗如雨下，顺着娇嫩的曲线大片淌落，花穴亦不受控地喷涌出大量爱液，稚气的小脸在剧烈的战栗中失神。
1024,action_part_s_orgasm_strong_A,0,CVP_A2_T|103_E_1,随着又一次远比普通绝顶更猛的高潮袭来，{TargetName}幼小的身子骤然绷成一张满弓，成片的酥麻自皮肤表面如潮水般席卷全身。\n无数次被推上顶峰之后，这具稚嫩皮肤的敏感度已然迈上一个全新的台阶，连最轻的一缕碰触都被放大成难以承受的快感，将她的意识冲得七零八落。\n发烫的皮肤上汗水密密涌出汇成溪流，下体也随之狂涌爱液，娇小的腰肢一次次弓起又无力瘫软，青涩的眼神彻底失了焦。

1025,action_part_s_orgasm_strong_A,0,target_is_player_daughter,作为{Name}亲生女儿的{TargetName}，皮肤在被反复调教后早已敏感得不像话，连续绝顶了太多次后，此刻整片皮肤的快感又攀上了一个全新的台阶。\n本不该有半分性感的皮肤竟成片成片地泛红发烫，如电流窜过般的酥麻战栗一寸寸炸开，远比之前的普通绝顶更为凶猛。\n汗水如瀑布般从毛孔汹涌淌落，花穴更是反射性地狂涌出大量爱液，这具背德的躯体在自己父亲面前彻底失了神。
1026,action_part_s_orgasm_strong_A,0,target_is_player_daughter,连续不断的高潮早已把{TargetName}的皮肤敏感度顶上了新的台阶，此刻这个当女儿的娇躯迎来了一场远胜普通绝顶的强烈绝顶。\n酥麻的战栗如潮水般从每一寸皮肤表面漫开，连最轻微的触碰都能激得她浑身剧颤，意识几乎被这股快感冲垮。\n滚烫的汗水顺着泛红的皮肤大颗大颗滚落，下体爱液止不住地狂喷，她一边失神颤栗一边在心底羞耻地呢喃着爸爸。
1027,action_part_s_orgasm_strong_A,0,target_is_player_daughter,{TargetName}这具属于博士女儿的身体在皮肤上连绝了无数次后，敏感度攀升到了骇人的地步，如今终于爆发出一场极强的绝顶。\n成片的皮肤瞬间烧得通红滚烫，如电流般的快感一波接一波劈过肌肤，远比寻常绝顶来得汹涌，逼得她仰头失神。\n生理性泪水糊满眼角，汗水淌满全身，花穴更是狂涌出大量爱液甚至溅起小股潮吹，乱伦的羞耻感让这场强绝顶更显淫靡。
1028,action_part_s_orgasm_strong_A,0,target_is_player_daughter,皮肤被开发到连普通触碰都能高潮的{TargetName}，在连续绝顶多次后敏感度又上了一层，此刻整片肌肤迎来了非常强烈的一次绝顶。\n那股从皮肤表面成片扩散的酥麻战栗强得让她全身肌肉连续痉挛，身子反复弓起又瘫软，快感远远盖过了以往的普通绝顶。\n汗如雨下浸透了泛红发烫的皮肤，下身的爱液如决堤般狂涌而出，身为人女却在亲生父亲跟前淫乱失态，令她又羞又醉。
1029,action_part_s_orgasm_strong_A,0,target_is_player_daughter,这一次的绝顶远比之前任何一次都要猛烈，{TargetName}被调教得反常敏感的皮肤在连番绝顶后又跃上一个新台阶，强得难以承受。\n每一寸肌肤都像通了电，酥麻的快感成片炸开又汇成洪流窜遍全身，连她自己都惊骇于普通皮肤竟能爽到这般地步。\n滚烫的汗水与狂涌的爱液一同宣泄，作为{Name}女儿的她在这背德的强绝顶中彻底沦陷，眼神迷离地失了神。

1030,action_part_s_orgasm_strong_A,0,CVP_A2_T|104_E_1&high_1,在这块皮肤连续绝顶了太多次之后，{TargetName}青春的身体敏感度陡然抬升了一个新的台阶，哪怕最轻的一下碰触也能瞬间引爆全身。\n酥麻如电流般从被抚弄的肌肤表面成片炸开，这股强绝顶远比寻常的绝顶更为凶猛，烫红的皮肤上汗水如瀑淌落，花穴也反射性地狂涌出爱液。\n少女在{SceneName}中失神颤栗，意识几乎被彻底冲垮，惊惧又迷乱地发觉自己普通的皮肤竟被博士玩弄到了如此淫乱敏感的地步。
1031,action_part_s_orgasm_strong_A,0,CVP_A2_T|104_E_1&high_1,{TargetName}才刚成年的娇躯早已在一次次绝顶里被磨得极其敏感，此刻这块皮肤终于迎来了远超以往的强烈高潮。\n战栗如潮水般从被摩挲的肌肤一路漫过全身，酥麻得连一寸表皮都难以承受，青涩的腰肢反复深深弓起又无力软下。\n泛红发烫的体表沁出大量汗珠滚落，下体的爱液更是汹涌喷出甚至溅起细细的水花，她在这非常规的强绝顶中几乎彻底失了神智。
1032,action_part_s_orgasm_strong_A,0,CVP_A2_T|104_E_1&high_1,连续的绝顶把这副少女的身子推向了新的极限，敏感度攀升之后，皮肤对每一次抚弄都爆发出电流般的剧烈震颤。\n这一次的强绝顶远比普通绝顶更加猛烈，酥麻从肌肤成片扩散一路劈进脑髓，{TargetName}青春的身体骤然绷紧后又瘫软下去。\n滚烫泛红的皮肤上汗水淋漓而下，花穴狂涌的爱液将腿根浸得透湿，她在{SceneName}里剧烈颤栗着，几乎被这股快感夺去了神智。
1033,action_part_s_orgasm_strong_A,0,CVP_A2_T|104_E_1&high_1,这块本不该敏感的皮肤，在被反复玩弄到连续绝顶之后，竟对每一次触碰都生出了违背常理的强烈快感。\n此刻一阵远胜从前的强绝顶席卷而来，{TargetName}稚气未脱的身躯剧烈战栗，酥麻如电流窜遍每一寸肌肤，比阴道深处那种钝重的快感更为尖利。\n泛红的体表汗如雨下，下身的爱液喷涌不止，意识在这股非常规的冲击里几近溃散，少女失神地颤抖着，无力招架。
1034,action_part_s_orgasm_strong_A,0,CVP_A2_T|104_E_1&high_1,敏感度早已被连续的绝顶拉高了一大截，此刻{TargetName}青春的皮肤只需最轻的一触便剧烈痉挛起来。\n这股强绝顶远超以往任何一次，酥麻的战栗从肌肤表面成片荡开烧遍全身，那份“连普通皮肤都能被玩到高潮”的反常令她又惊又乱。\n她烫红的身体汗水涔涔滑落，花穴反射性地狂涌爱液甚至伴着小幅潮吹，在{SceneName}中近乎失神地颤栗，被这反常的极致快感彻底俘获。

1035,action_part_s_orgasm_strong_A,0,CVP_A2_T|105_E_1,连番绝顶之后，{TargetName}成熟的皮肤敏感度已攀上一个全新的台阶，连最轻的碰触都能掀起一场远胜从前的强烈绝顶。\n那股酥麻如电流般从肌肤成片窜开，霎时烧遍她丰盈的全身，敏感到每一寸皮肤都再难承受。\n泛红发烫的皮肤上汗水如瀑布般自毛孔涌出淌落，下体爱液更是狂涌而出溅起小股潮吹，成熟饱满的躯体剧烈痉挛着反复弓起又瘫软。\n她失神颤栗，那张成熟的脸上满是被快感冲垮的青涩迷乱。
1036,action_part_s_orgasm_strong_A,0,CVP_A2_T|105_E_1,在皮肤一次次绝顶累积之后，{TargetName}的敏感度终于跨上新的高度，这一回迎来的强绝顶猛烈得远超以往。\n成片的酥麻从被抚弄的皮肤表面漫开，如无数细密的电流窜过成熟的肌理。\n丰腴的身子连续抽搐痉挛，泛红滚烫的皮肤上淌满了汗水，花穴里的爱液汹涌喷洒。\n这具已然成熟的躯体在几乎失控的战栗中弓起又软倒，青涩的面容被极致的快意彻底攫住。
1037,action_part_s_orgasm_strong_A,0,CVP_A2_T|105_E_1,{TargetName}成熟饱满的皮肤在反复绝顶后被推上了更高的敏感台阶，此刻连一缕轻抚都足以引爆狂暴的强绝顶。\n酥麻的战栗成片从肌肤炸开，如电流劈进她丰盈的每一寸身躯。\n汗水从泛红的皮肤上大股大股地渗涌淌落，下体的爱液狂涌甚至溅出，成熟的躯体剧烈痉挛。\n她意识几近被冲垮，成熟中透着青涩的神情失控而迷醉。
1038,action_part_s_orgasm_strong_A,0,CVP_A2_T|105_E_1,连续多次的高潮让{TargetName}的皮肤敏感得近乎失常，敏感度攀升一档后迎来的这场强绝顶烈度惊人。\n那股酥麻如潮水般从被撩拨的皮肤成片扩散，窜遍成熟丰盈的全身。\n发烫泛红的皮肤上汗如雨下淌落全身，花穴深处的爱液大量涌出溅落。\n她成熟的身体连续弓起又瘫软，眼角泛出生理泪水，青涩的脸庞在剧烈颤栗中彻底失神。
1039,action_part_s_orgasm_strong_A,0,CVP_A2_T|105_E_1,被开发到新台阶的皮肤让{TargetName}再也压不住这场远胜从前的强烈绝顶，敏感到连最细微的碰触都令她战栗。\n酥麻的电流成片从肌肤窜过，瞬间点燃她成熟丰满的整具身躯。\n泛红滚烫的皮肤大量沁出汗水淌落，下体爱液汹涌而出伴着小幅潮吹。\n成熟的躯体在近乎失控的痉挛中反复起伏，青涩与迷乱在她失神的面容上交织。

1040,action_part_s_orgasm_strong_A,0,CVP_A2_T|106_E_1&high_1,成片的皮肤在连续绝顶了太多次之后，敏感度骤然攀上一个新的台阶，成熟丰腴的{TargetName}就此迎来一场远比寻常猛烈的强绝顶。\n本不该沦为性感带的皮肤，如今连最轻的碰触都能激起全身成片的颤栗，酥麻如电流般窜过每一寸肌肤，强烈得连体表都再难承受。\n泛红发烫的皮肤上汗水如瀑布般从毛孔涌落全身，成熟的躯体连续痉挛、反复弓起又瘫软，花穴更爱液狂涌几近潮吹，令她在这跃升的强绝顶里几乎失神。
1041,action_part_s_orgasm_strong_A,0,CVP_A2_T|106_E_1&high_1,被反复调教到极致的皮肤又一次冲上远高于普通绝顶的强烈峰值，{TargetName}成熟的身体在这台阶跃升后的强绝顶里剧烈战栗。\n那股酥麻从被抚弄的皮肤成片漫开、劈进脑髓，强得连每一寸肌肤都无法忍受，丰腴的胴体连片泛红滚烫，密密的汗珠自毛孔喷涌而出淌满周身。\n肌肉一阵接一阵地失控痉挛，腰肢深深弓起又软塌，花穴里大量爱液汹涌溢出，令这场强绝顶远远超过她以往任何一次寻常的高潮。
1042,action_part_s_orgasm_strong_A,0,CVP_A2_T|106_E_1&high_1,连普通皮肤都被玩到接连绝顶多次后，敏感度再上一档的{TargetName}被推入一场几乎冲垮意识的强绝顶，成熟从容的神态彻底碎裂。\n酥麻的战栗如潮水般成片扫过肌肤，越是被摩挲脑中就越烧成一片空白，丰腴的皮肤烫得通红，汗水成股地顺着饱满的曲线滚落。\n躯体在剧烈痉挛中一次次绷紧又瘫软，下体更是爱液喷涌、隐隐潮吹，这场强得反常的绝顶远非平日那种寻常绝顶可比。
1043,action_part_s_orgasm_strong_A,0,CVP_A2_T|106_E_1&high_1,一寸寸皮肤在连番绝顶之后敏感度陡然跃升，成熟的{TargetName}被卷进一场强度远超普通绝顶的猛烈强绝顶，几乎无法自持。\n那种从皮肤成片扩散、如电流窜遍全身的酥麻已强烈到令她整具丰腴的身躯难以承受，滚烫泛红的肌肤上汗如雨下淋漓成片。\n她剧烈地痉挛颤栗、反复弓腰又脱力瘫软，花穴爱液大量狂涌几近喷洒，在{SceneName}里被这台阶跃升的强绝顶冲得神魂颠倒。
1044,action_part_s_orgasm_strong_A,0,CVP_A2_T|106_E_1&high_1,被开发到反常敏感的皮肤已绝顶过太多回，此刻敏感度再上一层的{TargetName}迎来一场远比普通绝顶更凶猛的强绝顶。\n酥麻的快感自被撩拨的皮肤成片炸开、一路烧遍成熟丰腴的身躯，强得连体表每一处都难以招架，通红发烫的肌肤上汗珠如瀑倾泻淌满全身。\n她的肌肉连续失控地剧烈抽搐，腰身深弓后又彻底瘫软，下体爱液汹涌喷洒近乎潮吹，成熟稳重的她在这一刻被冲得几近失神。

1045,action_part_s_orgasm_strong_A,0,CVP_A2_T|107_E_1&high_1,连番不断的极致快感将{TargetName}一路推上了从未抵达的新高度，在皮肤连续绝顶了无数次后，敏感度陡然攀升了一整个台阶，此刻连最寻常的一寸肌肤都再难承受。\n一股远比以往凶猛的酥麻自被撩拨的皮肤上成片炸开，如电流般窜遍全身，泛红发烫的皮肤大颗大颗地沁出汗水淌落，花穴也失控地涌出大量爱液。\n这具早已属于丈夫的身体在灭顶的强绝顶里剧烈痉挛，作为人妻的她越沉沦，心底那份背德愧疚便越浓，终究被这非常强的快感彻底冲垮。
1046,action_part_s_orgasm_strong_A,0,CVP_A2_T|107_E_1&high_1,皮肤在被反复玩弄到接连高潮之后，敏感度已悄然拔高了一层，如今哪怕最轻微的触碰都足以令{TargetName}全身战栗。\n这一次的绝顶远比寻常来得凶猛，酥麻的快感如浪潮般自肌肤表层层层漫开，滚烫泛红的皮肤上汗水如瀑淌下，浸透了每一寸颤抖的躯体，下身更是爱液狂涌。\n身为人妻的她本该恪守妇道，此刻却因这远超普通绝顶的强烈快感而失神颤栗，背叛婚姻的罪恶与灭顶的快意交织，将她仅存的理智一并卷走。
1047,action_part_s_orgasm_strong_A,0,CVP_A2_T|107_E_1&high_1,一次又一次的绝顶将{TargetName}的皮肤磨得愈发敏感，快感终于跃上了一个崭新的台阶，连全身最不起眼的肌肤都被撩拨到了极限。\n远比普通绝顶更为剧烈的酥麻从体表成片扩散开来，滚烫的皮肤彻底泛红，密密的汗珠自毛孔中汹涌而出淌满全身，花穴亦随之喷涌出大量爱液。\n有夫之妇的身份让这场强烈的绝顶更添几分背德的刺激，她在难以自控的剧烈痉挛中失神，愧疚与快意齐齐将她的意识几乎冲垮。
1048,action_part_s_orgasm_strong_A,0,CVP_A2_T|107_E_1&high_1,在皮肤被逼到连续绝顶数次后，那份本不该存在的敏感度又攀高了一阶，如今就连拂过体表的一丝气息都能令{TargetName}浑身酥软。\n这场强绝顶的威力远胜以往，成片的酥麻如电流般贯穿全身肌肤，泛红发烫的皮肤上汗水滂沱般涌落，花穴深处更是止不住地涌出大量爱液甚至溅出小股潮吹。\n这具为人妻多年的躯体在这非常强的绝顶里失控颤栗，背叛家庭的禁忌快感令她既沉醉又惶恐，几近崩溃的快意将她仅剩的清明尽数吞没。
1049,action_part_s_orgasm_strong_A,0,CVP_A2_T|107_E_1&high_1,连绵的绝顶一层层累加，令{TargetName}的皮肤敏感度骤然迈上了新的高度，此刻连最平凡的肌肤都成了承受不住的性感带。\n一波远超普通绝顶的酥麻自被抚弄的皮肤上炸开并成片蔓延，滚烫泛红的体表汗如雨下淌满全身，下体的花穴也不受控制地大量涌出爱液。\n作为人妻的她在这样凶猛的强绝顶中剧烈痉挛失神，背德的负罪感与前所未有的极致快意相互撕扯，最终她的意识近乎被这灭顶般的快感彻底冲垮。

1050,action_part_s_orgasm_strong_A,0,CVP_A2_G_E_0,连番绝顶之后，{TargetName}的皮肤敏感度攀上了新的台阶，此刻竟被逼出一场远比寻常更凶猛的强绝顶。\n成片皮肤刹那间泛红发烫，如电流般的酥麻窜遍全身，汗水如瀑涌出淌落，花穴也失控般狂涌爱液。\n本不该有快感的普通皮肤竟被开发到这般敏感，与一个几乎陌生的男人做到这一步，令她在剧烈颤栗中浮起一丝茫然的困惑。
1051,action_part_s_orgasm_strong_A,0,CVP_A2_G_E_0,敏感度被拔高一截后，{TargetName}的皮肤迎来了一场强度远超以往的绝顶，剧烈得连她自己都招架不住。\n全身肌肤成片烧红，酥麻的战栗如潮水漫过每一寸皮肤，汗珠不停地从毛孔里沁出滚落，下体亦大股大股地溢出爱液。\n意识几乎被这陌生而凶猛的快感冲垮，她在失神的颤抖里，隐约生出对自己为何会沦落至此的困惑。
1052,action_part_s_orgasm_strong_A,0,CVP_A2_G_E_0,这是皮肤在连番绝顶后敏感度跃升所带来的强烈高潮，凶猛程度远非之前那些普通绝顶可比。\n被撩拨的皮肤整片泛起潮红并滚烫发热，酥麻感如电流劈过肌理，汗水瀑布般涌流，爱液也从花穴里失禁般喷淌而下。\n连普通皮肤都能被玩到这般失控，面对这几乎不相识的男人，她在剧烈的痉挛中透出难以名状的迷惘。
1053,action_part_s_orgasm_strong_A,0,CVP_A2_G_E_0,皮肤在一次次绝顶后敏感度悄然升级，此刻终于被推向一场汹涌而剧烈的强绝顶，强度骇人。\n大片肌肤瞬间红透发烫，无数细密的酥麻如电流般窜遍周身，汗水成股淌落全身，花穴则不受控地涌出滔滔爱液。\n她几乎失神，脑中一片空白，只余下对这与陌生人交缠的荒唐处境残存的一丝茫然与不解。
1054,action_part_s_orgasm_strong_A,0,CVP_A2_G_E_0,{TargetName}的皮肤被连续绝顶反复冲刷后敏感度更上一层，迎来一场远比平常剧烈的强烈绝顶。\n体表每一寸皮肤都红得发烫，酥麻的电流一波波席卷全身，汗如雨下沿着肌肤淌流，下体也随之狂涌大量爱液甚至小幅潮吹。\n本该毫无性感的皮肤竟敏感至此，与这陌生男人纠缠的一切让她在颤栗中泛起自我质疑般的困惑。

1055,action_part_s_orgasm_strong_A,0,CVP_A2_G_E_1,反复绝顶多次的皮肤，敏感度已经攀上了一个全新的台阶。\n如今哪怕最轻微的触碰掠过{TargetName}的皮肤，都会激起成片如电流般窜遍全身的酥麻战栗，泛红滚烫的肌肤上汗水如瀑般涌出淌落，这具本不该有性感的身体竟被开发到连普通皮肤都能被玩到强绝顶。\n她意识几乎被这远超以往的快感冲垮，失神地颤栗着，下体也反射性地狂涌出大量爱液，恍惚间只是莫名地想更贴近博士一些，却说不清这份心悸缘何而生。
1056,action_part_s_orgasm_strong_A,0,CVP_A2_G_E_1,在皮肤一次次被逼到绝顶之后，那份敏感终于跃上了新的高度。\n这一刻酥麻的快感自{TargetName}的皮肤表面成片漫开，像密集的电流般劈过每一寸肌肤，滚烫泛红的皮肤上汗珠密密涌出、成串滑落，肌肉剧烈而连续地痉挛抽搐，是远比普通绝顶还要凶猛得多的强绝顶。\n她几乎被快感冲得失了神，双眼失焦，花穴狂涌出爱液甚至溅出小股潮吹，迷乱中却只朦朦胧胧地想向博士的方向偎过去。
1057,action_part_s_orgasm_strong_A,0,CVP_A2_G_E_1,连番的绝顶把{TargetName}的皮肤敏感度整整推高了一档。\n如今连微不可察的碰触都能令她全身皮肤成片战栗，酥麻如电窜遍四肢百骸，泛红发烫的肌肤上汗水涔涔淌落，身体反复弓起又瘫软，生理性的泪水盈满眼眶，这场强绝顶的烈度早已把普通绝顶远远抛在身后。\n意识近乎被冲垮的她失神地喘着，下体也狂涌出大量爱液，懵懂里竟隐隐生出一丝想被博士抱紧的悸动。
1058,action_part_s_orgasm_strong_A,0,CVP_A2_G_E_1,皮肤被连续送上绝顶太多次，敏感度不知何时已迈上了一个新台阶。\n此刻{TargetName}周身的皮肤仿佛遍布着无数引线，最轻的一抹触碰便点燃成片酥麻的战栗，汗水从每一个毛孔汹涌渗出、覆满泛红的肌肤，肌肉一阵接一阵剧烈抽搐，强度远远盖过了从前的普通绝顶。\n她失神颤栗着，意识几乎被彻底冲散，花穴止不住地狂涌爱液，迷茫中只是本能地想更靠近博士。
1059,action_part_s_orgasm_strong_A,0,CVP_A2_G_E_1,一次次绝顶累加下来，{TargetName}皮肤的敏感终于攀上了崭新的高度。\n如今哪怕一缕气息拂过肌肤，都会激起从皮肤表面成片扩散的剧烈酥麻，滚烫泛红的皮肤上汗如雨下、层层淌落全身，腰身反复深弓后又无力瘫软，这远超普通绝顶的强绝顶几乎让她连一寸皮肤都承受不住。\n她意识近乎被冲垮，失神地颤抖，下体狂涌出大量爱液，恍惚里却只茫然地渴望着博士再靠近一点。

1060,action_part_s_orgasm_strong_A,0,CVP_A2_G_E_2,{TargetName}那本不该有情欲的皮肤在连续数度绝顶之后，敏感度陡然攀上一个全新的台阶，只是最轻的一缕碰触便如电流般窜遍全身。\n成片的酥麻自肌肤表面炸开，猛烈得远超以往任何一次寻常的绝顶，泛红发烫的体表汗水如瀑般自毛孔喷涌而出，淌满了剧烈颤栗的躯体。\n她失神地弓起腰肢，花穴深处爱液狂涌，浸出一大片湿痕，那双早已认定了{Name}的眸子里满是欲言又止的爱意，却始终不敢与他对视，生怕这份尚未出口的心意被他一眼看穿。
1061,action_part_s_orgasm_strong_A,0,CVP_A2_G_E_2,这具皮肤早被反复调教得违背了常理，在一次次绝顶的累积中敏感度又跳上了一层，连最细微的抚弄都令{TargetName}整片肌肤爆开难以承受的战栗。\n远比普通绝顶更凶猛的快感如电流劈过每一寸体表，泛红滚烫的皮肤上大颗汗珠密密涌出、顺着曲线一路淌落，肌肉一阵接一阵地失控痉挛，花穴里爱液汹涌而出甚至溅出细小的水花。\n她颤抖着几乎被这股强烈的高潮冲垮了神智，喉间溢出破碎的娇吟，红透的脸上写满对{Name}压抑已久的爱慕，欲要告白却又害怕被拒绝，只能咬着唇把那句话咽了回去。
1062,action_part_s_orgasm_strong_A,0,CVP_A2_G_E_2,连续绝顶多次之后，{TargetName}的皮肤仿佛被彻底重塑，敏感度再上一阶，此刻哪怕一丝气流拂过都能引爆全身的酥麻颤栗。\n这场强绝顶远比寻常的高潮更为剧烈，酥麻自被触碰的皮肤成片扩散、如潮水般漫过四肢百骸，滚烫泛红的肌肤上汗水淋漓地滑落，身体反复弓起又瘫软，花穴深处爱液大股大股地狂涌而出。\n她在这前所未有的强烈快感里失神仰头，湿漉漉的眼睛里既盛满了对{Name}炽热的恋慕，又浮着一层不敢言明的忐忑，唯恐自己失控的模样吓退了心上的人。
1063,action_part_s_orgasm_strong_A,0,CVP_A2_G_E_2,被玩弄到连普通皮肤都能高潮的{TargetName}，在数度绝顶后感度又攀升了一个台阶，此刻整片肌肤敏感得连最轻的碰触都成了难以招架的酷刑。\n强烈到失控的快感如电流窜遍体表，泛红发烫的皮肤上汗水像被拧开了闸般涌淌，肌肉连绵不断地剧烈抽搐，生理性的泪水糊住了眼角，花穴里爱液喷涌，甚至伴着一小股潮吹溅落。\n她在这远超以往的强绝顶中颤栗失神，绯红的脸上满是对{Name}藏了许久的爱意，几度想要吐露心声，却又被害怕被拒绝的怯意生生按下。
1064,action_part_s_orgasm_strong_A,0,CVP_A2_G_E_2,{TargetName}的皮肤本无关情欲，却在一次次绝顶的洗礼后敏感度跃上新的台阶，如今连一寸肌肤都承受不住哪怕最轻柔的一触。\n这场强绝顶的酥麻从体表成片窜起、如电流般烧遍全身，远比普通的绝顶更加汹涌，滚烫泛红的皮肤上汗珠密布、顺着颤抖的身躯一道道淌下，腰肢深深弓起后又无力软塌，花穴深处爱液大量涌出打湿了一片。\n她被这股几乎冲垮神智的强烈快感裹挟着失神发颤，红透的面颊藏不住对{Name}满溢的恋慕，眼神却慌乱地躲闪着，既渴望向他告白又深深忐忑于会不会被他推开。

1065,action_part_s_orgasm_strong_A,0,CVP_A2_G_E_3,作为恋人的{TargetName}，全身的皮肤在被反复调教后攀上了一个全新的敏感台阶，这一次迎来的强绝顶远比以往任何一次都要猛烈。\n酥麻的战栗如电流般成片窜过肌肤，连最轻的触碰都让她娇躯止不住地颤栗，泛红发烫的皮肤上汗水如瀑涌落。\n她无法自控地弓起腰又瘫软下去，花穴里大量爱液狂涌而出，热恋中的她在极致的绝顶里失神颤抖，眼中却满是对{Name}炽烈的爱意。
1066,action_part_s_orgasm_strong_A,0,CVP_A2_G_E_3,连续绝顶了许多次后，{TargetName}那本不该有性感的皮肤竟被开发得敏感到了极点，一场远超寻常的强绝顶轰然贯穿她全身。\n如电流般的酥麻感从体表一寸寸漫开，烧遍每一处肌肤，滚烫的皮肤上沁出的汗珠密密淌落全身。\n身为{Name}恋人的她剧烈痉挛着弓起脊背，下体大量爱液喷涌而出，甜蜜与灭顶的快感交织，让热恋中的她几乎被彻底冲垮。
1067,action_part_s_orgasm_strong_A,0,CVP_A2_G_E_3,{TargetName}的皮肤在一次次绝顶后敏感度陡然跃升，这次的强绝顶强烈得叫她连体表的每一寸都难以承受。\n如电流般的酥麻窜遍全身，被抚弄过的肌肤成片泛红发烫，汗水顺着颤抖的躯体大量滑落。\n作为恋人的她在灭顶快意中弓腰颤栗、失神迷乱，花穴狂涌出大量爱液，却仍紧盯着{Name}，眼底盈着热恋的柔情与幸福的泪光。
1068,action_part_s_orgasm_strong_A,0,CVP_A2_G_E_3,反复的绝顶把{TargetName}周身的皮肤磨得敏感到反常的地步，这一记强绝顶远比普通绝顶更为凶猛。\n酥麻的快感如潮水般自肌肤表面漫过，连最细微的碰触都激起全身剧烈的颤栗，发烫的皮肤上汗如雨下。\n热恋中的她无法自制地绷紧又软倒，下体爱液汹涌甚至小幅溅出，在这场震撼灵魂的绝顶里，她满心都是与{Name}相恋的甜蜜。
1069,action_part_s_orgasm_strong_A,0,CVP_A2_G_E_3,身为{Name}恋人的{TargetName}，皮肤在连番绝顶之后跨上了新的敏感台阶，迎来一场强度惊人的绝顶。\n窜过肌肤的酥麻电流成片扩散，连最轻的抚触都让她战栗到无法自持，通红的皮肤上汗水层层涌出淌落。\n她剧烈痉挛着弓起腰肢又瘫软，花穴大量爱液狂涌而出，热恋的她在灭顶般的极乐中失神颤抖，眼里却溢满对未来的憧憬。

1070,action_part_s_orgasm_strong_A,0,CVP_A2_G_E_4,深爱着{Name}的{TargetName}，周身皮肤成片泛红发烫，连最轻的碰触都令娇躯剧烈战栗。\n酥麻如电流自肌肤表面窜过，一波强过一波漫遍全身，敏感度攀上新台阶，连本不该有快感的普通皮肤都被玩弄到迎来远超以往的强烈绝顶。\n汗水如瀑布般从毛孔涌出淌落，肌肉连续痉挛，下体狂涌爱液甚至小幅潮吹，她在与爱人无言的默契里失神颤栗。
1071,action_part_s_orgasm_strong_A,0,CVP_A2_G_E_4,与{Name}相守相依的{TargetName}，肌肤在这一刻烫得发红，成片起满鸡皮疙瘩。\n那本已被反复调教得敏感异常的皮肤，如今连一丝拂过都承受不住，酥麻的战栗如潮水层层扩散，将她卷入一次远比寻常更凶猛的强绝顶。\n生理性泪水糊满眼角，滚烫的汗珠顺着痉挛的躯体滑落，花穴深处爱液汹涌而出，她在深厚的爱意中彻底沦陷，只余皮肤上不住蔓延的战栗。
1072,action_part_s_orgasm_strong_A,0,CVP_A2_G_E_4,{TargetName}与{Name}情深意笃，此刻她的皮肤被撩拨得成片滚烫泛红。\n酥麻如电流般在体表窜行，越漫越烈，早已越过普通绝顶的界限——这是敏感度跃升后连轻触都会引发全身颤栗的强烈高潮，凶猛得几乎将她的意识冲垮。\n大颗汗珠自毛孔喷涌淌满肌肤，肌肉剧烈抽搐，腰身深深弓起，下体喷洒出大量爱液，她在与挚爱之人无声的交融里失神战栗。
1073,action_part_s_orgasm_strong_A,0,CVP_A2_G_E_4,深情相拥的{TargetName}，全身皮肤蓦地泛起潮红，连最细微的触碰都掀起排山倒海的酥麻。\n那股快感自肌肤表面成片漫开，如电流劈过每一寸体表，强度远胜从前的任何一次绝顶，敏感的皮肤再也承受不住这样凶猛的刺激。\n汗如雨下浸透全身，四肢失控地颤抖乱蹬，爱液从花穴狂涌而出，她在对{Name}毫无保留的爱恋中，被这场强绝顶彻底吞没。
1074,action_part_s_orgasm_strong_A,0,CVP_A2_G_E_4,与{Name}生死不渝的{TargetName}，皮肤成片烧红发烫，肌肤上的每一寸都在剧烈战栗。\n反复被开发到反常敏感的皮肤，如今轻轻一碰便如遭电击，酥麻的洪流一浪高过一浪，将她推入一场凶猛失控的强绝顶，意识几乎被这快感冲得溃散。\n汗珠如瀑淌落，肌肉一阵阵痉挛绷紧，下体涌出大量爱液甚至微微潮吹，她在与爱人无需言语的深情里颤栗失神。

1075,action_part_s_orgasm_strong_A,0,CVP_A2_G_E_-1,连续多次的绝顶早已把{TargetName}的皮肤敏感度顶上了新的台阶，此刻最轻的触碰都令整片肌肤掀起剧烈的战栗。\n满心抵触的她终究没能撑住这一记强绝顶，成片皮肤泛红发烫，汗水如瀑布般从毛孔涌出淌落，肌肉一阵接一阵地痉挛抽搐，身子反复弓起又瘫软。\n下体更狂涌出大量爱液，甚至溅出一小股潮吹，那份隐忍的不甘却仍在她失神的眼底无声挣扎。
1076,action_part_s_orgasm_strong_A,0,CVP_A2_G_E_-1,这已不是寻常的绝顶，而是皮肤在连番攀顶后敏感度陡然拔高一层所迎来的猛烈高峰。\n酥麻如电流般成片窜过{TargetName}的肌肤，强得连体表每一寸皮肤都难以承受。\n明明满是不情愿，她却被这远超以往的快感冲得几乎失神，泛红的皮肤上汗珠密密滚落，肌肉剧烈颤栗，下体爱液汹涌而出，只余那点表面的隐忍强撑着摇摇欲坠的抗拒。
1077,action_part_s_orgasm_strong_A,0,CVP_A2_G_E_-1,被开发到反常敏感的皮肤在一次次绝顶后又被推高一阶，此刻整片肌肤都在如电流窜过般的酥麻里剧烈战栗。\n{TargetName}心里仍旧梗着对博士的抵触，身体却彻底背叛了她——皮肤成片泛红滚烫，汗水淋漓淌满全身，肌肉不受控地连续抽搐。\n她别过脸想压下声息，下体却狂涌爱液，这股强绝顶的洪流远比普通绝顶凶猛，将她仅存的倔强冲得七零八落。
1078,action_part_s_orgasm_strong_A,0,CVP_A2_G_E_-1,连续攀顶多次后，{TargetName}的皮肤敏感度已跃上崭新的台阶，连最轻微的碰触都能引爆全身的颤栗。\n这记强绝顶来得凶猛而彻底，成片皮肤烧得通红，汗如雨下浸透肌肤，全身肌肉剧烈痉挛。\n表面隐忍着满腹不满的她，此刻却被冲得意识几近溃散，下体爱液喷涌，甚至夹着小幅潮吹，唯有紧抿的唇角还残留着一丝不肯认输的倔强。
1079,action_part_s_orgasm_strong_A,0,CVP_A2_G_E_-1,本不该有性感的普通皮肤，竟在反复绝顶后被开发得如此敏感，如今又被推上一个全新的高峰。\n酥麻的战栗成片漫过{TargetName}泛红发烫的肌肤，汗水从毛孔里瀑布般涌落，肌肉一波波剧烈抽搐，身体弓起又瘫软。\n满怀抵触的她被这远胜以往的强绝顶冲得失神颤栗，下体狂涌出大量爱液，隐忍的屈辱与失控的快感在她心底激烈交缠。

1080,action_part_s_orgasm_strong_A,0,CVP_A2_G_E_-2,信赖着{Name}的部下{TargetName}原本还想维持一份专业的镇定，可那股酥麻如电流般从皮肤表面成片窜过时，她整个人再也绷不住地剧烈战栗起来。\n这具被反复调教到连普通皮肤都能被玩到高潮的身子，在敏感度攀上新台阶后迎来了远超普通绝顶的强烈高潮，通红发烫的皮肤上汗水如瀑布般涌出淌落。\n下体的爱液更是失禁般狂涌而出，她带着对上司无条件的信任，把这失控的一刻毫无保留地交了出去。
1081,action_part_s_orgasm_strong_A,0,CVP_A2_G_E_-2,即便这道命令早已越出正常工作的范畴，驯服的部下{TargetName}仍认真地承受着，直到那阵成片漫开的酥麻猛地贯穿全身皮肤。\n连续多次绝顶后被拔高的敏感让这次强绝顶来得格外凶猛，她的肌肉一波接一波地痉挛抽搐，泛红的肌肤上鸡皮疙瘩连成一片。\n汗水顺着发烫的皮肤大股淌下，花穴里的爱液汹涌而出甚至溅出细小的水花，专业的伪装在这一刻彻底碎裂。
1082,action_part_s_orgasm_strong_A,0,CVP_A2_G_E_-2,{TargetName}把这越界的对待当成又一项必须完美执行的特殊任务，专注地承接着，然而当强绝顶的浪头拍上敏感的皮肤，她终究失了神。\n那本不该有性感的普通皮肤被开发得如此反常，此刻连最轻的碰触都能引爆全身的颤栗，她剧烈地弓起腰又无力瘫软。\n发烫泛红的皮肤上汗水滚滚而落，下体爱液狂涌并伴着小幅潮吹，比以往任何一次普通绝顶都要猛烈得多。
1083,action_part_s_orgasm_strong_A,0,CVP_A2_G_E_-2,对{Name}怀着近乎无条件信任的{TargetName}，本想像完成工作那样体面地扛过去，却被这次敏感度跃升后的强绝顶冲得意识几乎溃散。\n如电流般的快感自皮肤成片炸开、窜遍四肢百骸，她全身的肌肉不受控制地连续绷紧又抽搐，通红的皮肤滚烫得几乎冒烟。\n瀑布般的汗水混着生理泪水糊了满脸，花穴深处的爱液一股股涌出，把这具驯顺的身体彻底浸透。
1084,action_part_s_orgasm_strong_A,0,CVP_A2_G_E_-2,驯顺的{TargetName}在心里把这一切视作上司给她的特殊信任测试，努力配合，可当强绝顶碾过每一寸皮肤，她再撑不住那份从容。\n多次绝顶累积起的敏感让这具身子连普通皮肤都能被逼到失控高潮，成片的酥麻反常地窜过肌肤，激得她浑身痉挛。\n泛红发烫的皮肤上汗水如注淌落，下体爱液毫无节制地喷涌，远比过去的普通绝顶更加剧烈而失态。

1085,action_part_s_orgasm_strong_A,0,CVP_A2_G_E_-3,连续绝顶了太多次后，{TargetName}本该毫无性感的皮肤竟被开发到了全新的敏感台阶，此刻连最轻的碰触都令她成片肌肤剧烈战栗。\n一场远超普通绝顶的强绝顶如电流般窜遍全身，作为博士的忠顺宠物，她通体泛红发烫，汗水如瀑淌落，肌肉连连痉挛，下体更反射性地狂涌出大量爱液。
1086,action_part_s_orgasm_strong_A,0,CVP_A2_G_E_-3,皮肤在反复绝顶后敏感度攀上了一个新的台阶，{TargetName}只觉那股酥麻的快感从体表每一寸肌肤成片漫开。\n这一次的强绝顶远比以往任何一次都要凶猛，甘为主人宠物的她浑身战栗着弓起又瘫软，滚烫的皮肤上汗水滚滚而下，花穴深处爱液汹涌喷落，几乎小幅潮吹。
1087,action_part_s_orgasm_strong_A,0,CVP_A2_G_E_-3,明明只是普通的皮肤，却在连番绝顶后变得敏感得反常，{TargetName}此刻连一丝轻抚都承受不住。\n如电流窜过肌肤的强绝顶远胜寻常，身为{Name}宠物的她整片皮肤泛红灼热，汗珠成串淌落全身，肌肉剧烈抽搐，生理性泪水夺眶而出，下体爱液狂涌不止。
1088,action_part_s_orgasm_strong_A,0,CVP_A2_G_E_-3,在皮肤连续高潮多次之后，那份反常的敏感又上升了一层，{TargetName}的每寸肌肤都被酥麻的战栗成片攫住。\n作为主人豢养的性宠，她在这场凶猛的强绝顶里通体发烫泛红，汗水如注般涌出，身躯反复弓起又软倒，花穴里更是喷涌出大量黏腻的爱液。
1089,action_part_s_orgasm_strong_A,0,CVP_A2_G_E_-3,被开发到反常敏感的皮肤在多番绝顶后再度跃升，{TargetName}连体表最轻微的触碰都化作难以承受的酥麻洪流。\n甘做博士宠物的她迎来一场远超普通绝顶的强绝顶，滚烫的肌肤成片泛红，汗水瀑布般淌满全身，肌肉连续痉挛，下体反射性地狂涌爱液几近潮吹。

1090,action_part_s_orgasm_strong_A,0,CVP_A2_G_E_-4,沦为性奴的{TargetName}早已被反复调教到连普通皮肤都能被玩到高潮，此刻积攒已久的快感终于在皮肤上炸开一场远超以往的强烈绝顶。\n酥麻如电流般成片窜过全身肌肤，每一寸皮肤都泛红发烫、颤栗到几乎承受不住，大量汗水如瀑布般从毛孔涌出淌落，花穴也反射性地狂涌爱液甚至伴着小幅潮吹。\n意识几乎被这陌生皮肤上的快感洪流冲垮，她却在失神里为能被主人开发到如此地步而涌起狂热的臣服与感恩。
1091,action_part_s_orgasm_strong_A,0,CVP_A2_G_E_-4,作为完全臣服的奴隶，{TargetName}的皮肤早被主人调教成违背常理的性感带，连续数次绝顶后敏感度又攀上一层新台阶，此刻迎来一场非常强烈的皮肤强绝顶。\n轻微的碰触便令成片肌肤如遭电击般酥麻战栗，皮肤彻底泛红滚烫，汗珠自每一个毛孔奔涌而下淌满全身，下体的爱液也随之大量喷涌。\n她在这远超普通绝顶的极致快意里失神颤抖，心底满是能为主人这般敏感淫荡的狂喜。
1092,action_part_s_orgasm_strong_A,0,CVP_A2_G_E_-4,{TargetName}这具被主人彻底驯成性奴的躯体，连最寻常的皮肤都被玩弄到能高潮，反复绝顶累积的敏感终于换来一场强度惊人的皮肤强绝顶。\n那股酥麻自被抚弄的肌肤表面成片漫开、如电般窜遍全身，每一寸皮肤都烫得泛红、抖得停不下来，密密的汗珠渗出滚落，花穴同时涌出大量爱液。\n近乎被冲垮的意识中，她只余下对主人的绝对崇拜与献身的狂信。
1093,action_part_s_orgasm_strong_A,0,CVP_A2_G_E_-4,身为主人忠诚的性奴隶，{TargetName}的皮肤早已在无数次调教中被开发得敏感反常，此番连续绝顶后又迈上新的台阶，遂爆发出一场远胜寻常的皮肤强绝顶。\n电流般的酥麻在皮肤上一波接一波地扩散，通体肌肤泛起深红、发烫战栗，汗水成片淌落全身，泪水夺眶而出，下身的爱液也失禁般狂涌。\n她在这灵魂震颤般的极乐里失神，满心都是为主人如此彻底占有自己的皮肤而生的迷醉。
1094,action_part_s_orgasm_strong_A,0,CVP_A2_G_E_-4,彻底沦为奴隶的{TargetName}，连普通皮肤都被主人调教得能被玩到高潮，积攒许久的快感于此刻在肌肤上炸裂成一场强度远超普通绝顶的强烈高潮。\n成片的酥麻如潮水般漫过每一寸皮肤，令她通体泛红滚烫、颤栗难抑，豆大的汗珠自毛孔喷涌而出淌满全身，花穴也随之涌出大量爱液。\n她几近失神地颤抖着，心中却因能以这般敏感的身躯供主人享用而涌起无上的喜悦与臣服。

1095,action_part_s_orgasm_strong_A,0,CVP_A2_A|0_LE_3,经过反复调教，{TargetName}那本不该有性感的皮肤竟迎来了远超以往的强绝顶。\n她肌肤感度偏低，体表那阵酥麻的战栗并不算强，可积攒许久的快感终于连同被玩弄的羞耻一齐炸开。\n通红发烫的皮肤上汗水如瀑涌落，肌肉连续痉挛，花穴更狂涌出大量爱液，这具身子在心理与肉体的双重冲击下颤栗着攀上了非同寻常的高峰。
1096,action_part_s_orgasm_strong_A,0,CVP_A2_A|0_LE_3,{TargetName}的皮肤本是毫无快感的寻常肌肤，却在日复一日的开发下攀上了强烈的绝顶。\n虽说她的肤感并不敏锐，那从体表成片漫开的酥麻并不算多汹涌，但一层台阶般跃升的敏感度已叫她连最轻的碰触都难以承受。\n泛红的皮肤上细汗涔涌，成串滑落，肌肉一阵阵剧烈抽搐，身子弓起又软塌，下体反射性地涌出滚烫爱液，量远多于往常，她在近乎失控的战栗里迎来了这场强绝顶。
1097,action_part_s_orgasm_strong_A,0,CVP_A2_A|0_LE_3,连普通皮肤都被玩到高潮，这份反常在{TargetName}身上再度上演，而且比过往任何一次都更烈。\n她的皮肤感度偏低，那如电流般窜过肌肤的战栗本不强烈，可无数次绝顶累积后的敏感竟叫这层肌肤颤个不停。\n发烫泛红的皮肤沁出大片汗水，淋漓淌落全身，四肢失控地颤抖，生理性泪水也涌了出来，花穴狂喷爱液甚至溅出小股潮吹，整具身体在强绝顶中剧烈震颤。
1098,action_part_s_orgasm_strong_A,0,CVP_A2_A|0_LE_3,{TargetName}那对刺激反应本就迟钝的皮肤，此刻竟被推上了一个从未有过的强绝顶。\n体表那点微弱的酥麻单看并不惊人，可被玩弄、被占有的心理快意与积攒已久的快感一齐迸发，将她整个人卷入洪流。\n她通红滚烫的皮肤上汗水如注般涌出，肌肉剧烈而连续地痉挛，腰肢深深弓起再瘫软，下身更是汹涌地淌出大量爱液，远比寻常绝顶来得凶猛。
1099,action_part_s_orgasm_strong_A,0,CVP_A2_A|0_LE_3,反复的调教让{TargetName}原本毫无性感的皮肤敏感度攀上了新的台阶，迎来一场远胜普通绝顶的强烈高潮。\n她的肤觉虽淡，体表漫开的电流般酥麻并不剧烈，却因这台阶般的跃升而连轻抚都令全身战栗。\n泛红发烫的皮肤大汗淋漓，汗珠成串滚落，肌肉不受控地抽搐绷紧，花穴狂涌爱液并伴着小幅潮吹，她在失神的颤栗中被这股强绝顶彻底淹没。

1100,action_part_s_orgasm_strong_A,0,CVP_A2_A|0_G_3&CVP_A2_A|0_LE_6,在这一处皮肤连续绝顶了太多回之后，敏感度骤然攀上了一个全新的台阶，{TargetName}的整片肌肤此刻酥麻得再也承受不住。\n那如电流般的战栗从体表成片炸开、窜遍全身，强烈得远远盖过了以往任何一次寻常的绝顶。\n泛红发烫的皮肤上汗水如瀑倾泻，花穴也反射性地狂涌出爱液，她在几近失神的剧烈颤栗中迎来了这场非常强的高潮。
1101,action_part_s_orgasm_strong_A,0,CVP_A2_A|0_G_3&CVP_A2_A|0_LE_6,本不该成为性感带的普通皮肤，竟被反复调教到连最轻的碰触都会引爆全身，{TargetName}迎来了远比寻常绝顶更凶猛的一次巅峰。\n酥麻的快感如潮水般漫过每一寸肌肤，强得叫她意识几乎被彻底冲垮，只能失神地剧烈颤抖。\n大片皮肤烫红渗汗、汗水淋漓淌落，下体则汹涌地喷溢出滚烫的爱液，将这场强绝顶宣泄得淋漓尽致。
1102,action_part_s_orgasm_strong_A,0,CVP_A2_A|0_G_3&CVP_A2_A|0_LE_6,这一次的绝顶远远凌驾于从前，{TargetName}那被开发得违背常理的皮肤在敏感度跃升后彻底失了控。\n成片的酥麻电流沿着体表窜动，连体表的每一寸肌肤都难以招架，颤栗一波接一波地掀过全身。\n滚烫泛红的皮肤上汗珠密密涌出、如注般滑落，花穴同时反射性地喷出大量爱液，她在几乎崩溃的失神中承受着这场剧烈的强绝顶。
1103,action_part_s_orgasm_strong_A,0,CVP_A2_A|0_G_3&CVP_A2_A|0_LE_6,敏感度上了一个新台阶后，{TargetName}连普通皮肤都被玩到了高潮，这次的强度远非以往那些寻常绝顶可比。\n如电流般的酥麻从被抚弄的肌肤成片扩散，强烈到整片皮肤都在不受控地剧烈战栗。\n发烫的体表沁出瀑布似的汗水、顺着身体淌成一片，下身也随之涌出大量爱液甚至溅出细流，她失神地颤抖着被这股快感彻底吞没。
1104,action_part_s_orgasm_strong_A,0,CVP_A2_A|0_G_3&CVP_A2_A|0_LE_6,连番绝顶把这块皮肤的敏感磨得越来越锋利，如今哪怕最轻微的触碰都能让{TargetName}整片肌肤炸开一阵猛烈的酥麻。\n这股远超普通绝顶的快感如电流窜遍全身，强得几乎将她的意识冲得七零八落。\n泛红滚烫的皮肤上汗水汹涌淌落，花穴深处狂涌出黏腻的爱液，她在剧烈而失控的颤栗里迎来了这场非常强烈的高潮。

1105,action_part_s_orgasm_strong_A,0,CVP_A2_A|0_G_6,连番攀上绝顶之后，{TargetName}那本不该有半分性感的普通皮肤竟被开发得敏感度又拔高一截，此刻只是最轻微的一拂，成片的酥麻便如电流般窜遍肌肤，猛地炸成一场远比寻常绝顶更凶烈的强绝顶。\n通红发烫的皮肤上汗水如瀑涌落，肌肉连连痉挛，下体的花穴也失控地狂喷爱液，量比往常多得惊人。
1106,action_part_s_orgasm_strong_A,0,CVP_A2_A|0_G_6,这具皮肤被玩到反常敏感的娇躯，在一次次绝顶叠加之后终于跨过了新的台阶，{TargetName}全身皮肤霎时烧得滚烫泛红，酥麻的快感成片漫开、层层叠涌，凶猛得叫她整个人剧烈战栗。\n生理性泪水夺眶而出，汗珠密密麻麻地从毛孔沁出淌满全身，穴口更是止不住地涌出大量爱液，将这场强绝顶浇得淋漓。
1107,action_part_s_orgasm_strong_A,0,CVP_A2_A|0_G_6,敏感度硬生生又升了一阶的皮肤此刻承受不住任何触碰，{TargetName}只觉那如电流窜过的酥麻自体表成片席卷全身，一波比一波更烈，硬是把她推上了远超普通绝顶的强绝顶顶峰。\n泛红发烫的皮肤上汗水汩汩淌落，四肢剧烈颤抖，下体反射性地狂涌爱液甚至溅出细小的水花，连本该毫无快感的皮肤都被逼到了这般地步。
1108,action_part_s_orgasm_strong_A,0,CVP_A2_A|0_G_6,一次次绝顶累出的敏感令{TargetName}的皮肤到了连风拂过都要战栗的地步，这一回酥麻的快感洪流从肌肤成片炸开、劈头盖脸地淹没了她，凶烈得远非往日的绝顶可比。\n她整片皮肤烫得通红，汗水如注般浸透全身，肌肉一阵阵抽搐绷紧，穴里大量爱液狂涌而出，把这场强烈的皮肤绝顶宣泄得酣畅淋漓。
1109,action_part_s_orgasm_strong_A,0,CVP_A2_A|0_G_6,皮肤被调教到违背常理的{TargetName}在连绵的绝顶后跨上了新的敏感台阶，此刻哪怕最轻的一触，也能让成片的酥麻如潮涌遍周身，掀起一场比寻常绝顶猛烈数倍的强绝顶。\n发红发烫的皮肤上汗珠涔涔滚落，身子反复弓起又瘫软，下体的爱液更是失控地大量涌出、隐隐带出小股潮吹，尽显这份反常的敏感。

1110,action_part_s_orgasm_strong_A,0,CVP_A2_S|0_L_1000,连番的皮肤绝顶已把{TargetName}周身的敏感度硬推上一个新台阶，此刻整片肌肤迎来一场远比寻常凶猛的强绝顶。\n酥麻如电流自皮肤成片炸开，窜遍每一寸体表，连最轻的触碰都令她剧烈颤栗。\n泛红发烫的肌肤汗水如瀑涌落，肌肉连连痉挛，身子反复弓起又瘫软，花穴同时狂涌爱液，意识几乎被冲垮。
1111,action_part_s_orgasm_strong_A,0,CVP_A2_S|0_L_1000,皮肤被逼着接连高潮太多回，{TargetName}的体表敏感度攀到从未有过的高度，这次绝顶远远盖过以往任何一次普通绝顶。\n成片的酥麻战栗如潮水扩散，本不该有性感的普通皮肤竟被玩弄得连气流拂过都难承受。\n通红滚烫的皮肤上汗珠密密滚落，全身抽搐颤抖，生理泪水夺眶而出，下体爱液汹涌，她在极致快意中失了神。
1112,action_part_s_orgasm_strong_A,0,CVP_A2_S|0_L_1000,反复攀顶后，{TargetName}那本无性感可言的皮肤敏感度骤升一级，终于爆发出一场强度惊人的绝顶，猛烈得叫她整个人都失了控。\n如电流般的酥麻自被摩挲的肌肤炸裂开来，一波波席卷全身，逼得她连体表最细微的触感都难以忍受。\n滚烫泛红的皮肤汗如雨下，肌肉剧烈抽搐，腰身弓起又软塌，花穴喷涌出大量爱液，甚至溅出细细一线。
1113,action_part_s_orgasm_strong_A,0,CVP_A2_S|0_L_1000,被开发到极致的皮肤在连续绝顶多次后敏感度再上一阶，此刻{TargetName}迎来一场远超普通绝顶的强烈高潮，浑身战栗不止。\n酥麻的电流感自肌肤表面成片漫开，窜过每一寸皮肤，连最轻柔的抚触都化作难以承受的猛烈快感。\n通红的肌肤淌满汗水，肌肉一阵阵痉挛绷紧，身子反复弓起，泪水夺眶，下体涌出汹涌爱液，意识近乎被冲垮。
1114,action_part_s_orgasm_strong_A,0,CVP_A2_S|0_L_1000,接连不断的绝顶把{TargetName}的皮肤敏感度硬生生抬高了一个层次，这一回的强绝顶来得又猛又烈，远非寻常绝顶可比。\n遍及肌肤的酥麻如电，成片炸裂后席卷全身，连一缕微风般的碰触都令她的皮肤剧烈颤抖。\n发红发烫的皮肤上汗水成股淌落，全身肌肉连续抽搐，腰肢弓起又瘫软，花穴狂涌爱液，她在猛烈的快感洪流里彻底失神。

1115,action_part_s_orgasm_strong_A,0,CVP_A2_S|0_GE_1000&CVP_A2_S|0_L_12000,{TargetName}全身的皮肤骤然成片泛红发烫，一波如电流般贯穿肌肤的酥麻战栗自体表狂涌而开，强烈得连每一寸皮肤都难以承受。\n这是在连续绝顶多次、敏感度攀上新台阶后迎来的非常强的绝顶，远超以往任何一次普通高潮。\n大量汗水如瀑布般从毛孔淌落全身，肌肉连续剧烈痉挛，身体反复弓起又瘫软，花穴处爱液狂涌，甚至伴着小幅潮吹喷洒开来。
1116,action_part_s_orgasm_strong_A,0,CVP_A2_S|0_GE_1000&CVP_A2_S|0_L_12000,这一次的酥麻从被抚弄的皮肤表面成片扩散，如无数细密电流窜遍全身，{TargetName}的整片肌肤都在失控地颤栗抽搐。\n敏感度上升一个台阶后，连最轻的碰触都被无限放大成灭顶的快感，那本该毫无性感的普通皮肤竟高潮得如此淫荡。\n汗水从泛红发烫的肌肤上大量沁出滚落，生理性泪水夺眶而出，下体的花穴反射性地涌出大量爱液，浸得一片狼藉。
1117,action_part_s_orgasm_strong_A,0,CVP_A2_S|0_GE_1000&CVP_A2_S|0_L_12000,{TargetName}的皮肤此刻敏感到了违背常理的地步，一阵远比普通绝顶更烈的快感如潮水般漫过体表，整片肌肤剧烈地战栗起来。\n这是连续高潮多次后敏感度跃升所带来的强绝顶，意识几乎被这股酥麻冲垮，身体不受控制地连连痉挛弓起。\n发烫的皮肤上汗水如注般涌流，花穴深处爱液喷涌而出，浸湿了大腿内侧，将这场剧烈的皮肤绝顶尽数暴露出来。
1118,action_part_s_orgasm_strong_A,0,CVP_A2_S|0_GE_1000&CVP_A2_S|0_L_12000,随着一阵灭顶的酥麻自皮肤成片炸开，{TargetName}整个人剧烈地颤抖起来，连体表最细微的一处肌肤都在失控地抽搐。\n经历了连续数次绝顶、敏感度攀升之后，这次强绝顶的强度已远非普通高潮可比，几乎将她的意识彻底冲散。\n泛红滚烫的皮肤上大量汗水奔涌淌落，花穴狂涌出爱液甚至小幅潮吹，泪水与汗水糊满脸颊，狼狈得不成样子。
1119,action_part_s_orgasm_strong_A,0,CVP_A2_S|0_GE_1000&CVP_A2_S|0_L_12000,{TargetName}的皮肤仿佛被点燃一般成片发烫泛红，一股比以往任何时候都要猛烈的酥麻快感如电流般贯穿全身。\n这是敏感度上升一个台阶后迎来的非常强的绝顶，连最轻微的触碰都令整片肌肤颤栗，普通皮肤竟被玩弄到如此淫乱。\n瀑布般的汗水从毛孔中大量涌出淌满全身，肌肉连续痉挛抽搐，身体反复弓起又软瘫，花穴汹涌地喷出大量爱液。

1120,action_part_s_orgasm_strong_A,0,CVP_A2_S|0_GE_12000&CVP_A2_S|0_L_90000,一股远超以往的强烈快感自被抚弄的皮肤成片炸开，{TargetName}猛地一震，连体表每一寸肌肤都在难以承受的酥麻中剧烈战栗起来。\n这是她的皮肤连续绝顶太多次、敏感度攀上一个崭新台阶后迎来的强绝顶，快感如电流般层层窜遍全身。\n泛红发烫的皮肤上大量汗水如瀑布般自毛孔涌出淌落，肌肉一阵接一阵地失控痉挛，身子反复弓起又瘫软，下体更止不住地狂涌爱液，甚至溅出小股潮吹。
1121,action_part_s_orgasm_strong_A,0,CVP_A2_S|0_GE_12000&CVP_A2_S|0_L_90000,{TargetName}的皮肤在连番绝顶后敏感得可怕，此刻仅是最轻微的碰触，就掀起了一场远比普通绝顶猛烈的强绝顶。\n酥麻的战栗自皮肤表面向四面扩散，如成片电流窜过肌理，整具身子被冲得几乎失去意识，剧烈地颤栗痉挛。\n发烫泛红的肌肤上汗珠如泉般大量渗涌滑落、浸湿了全身，花穴同时汹涌地喷出爱液，本该毫无性感的普通皮肤竟被玩弄到高潮，反常得叫人心颤。
1122,action_part_s_orgasm_strong_A,0,CVP_A2_S|0_GE_12000&CVP_A2_S|0_L_90000,敏感度已被拔高一个台阶的皮肤，在这一刻迎来了一次强得离谱的绝顶，{TargetName}整个人剧烈地弓起又瘫软下去。\n如电流般的酥麻自受刺激的皮肤成片漫开、窜遍四肢百骸，连最细微的触感都被放大成难以招架的快感洪流，意识几乎被冲垮。\n泛红滚烫的皮肤上汗水大量喷淌而下，肌肉连续失控地抽搐绷紧，下体爱液狂涌，伴着小幅潮吹溅落，将这场反常的皮肤强绝顶尽数展露。
1123,action_part_s_orgasm_strong_A,0,CVP_A2_S|0_GE_12000&CVP_A2_S|0_L_90000,这一次的绝顶远比之前任何一次都要凶猛，{TargetName}的皮肤在反复高潮后敏感度陡然跃升，连极轻的抚弄都化作汹涌快感。\n酥麻的电流自皮肤表层一圈圈炸开、窜过全身，令她整具身子失控地连续颤栗痉挛，脸上写满失神。\n泛红发烫的肌肤大量汗水如瀑淌落，生理性泪水涌出眼眶，下体也随之狂涌爱液，本不具性感的皮肤竟被开发到这般地步，反常而淫靡。
1124,action_part_s_orgasm_strong_A,0,CVP_A2_S|0_GE_12000&CVP_A2_S|0_L_90000,{TargetName}早已被连续的皮肤绝顶推上了新的敏感台阶，此刻一阵极强的快感自体表成片席卷，将她彻底吞没。\n如电流窜过肌肤的酥麻战栗从被触碰处漫向全身，连每一寸皮肤都难以承受，身子在剧烈的痉挛中反复弓起又软倒。\n滚烫泛红的皮肤上汗水成片涌出、淌满周身，花穴止不住地喷涌爱液甚至溅出潮吹，一场远胜普通绝顶的皮肤强绝顶就此爆发。

1125,action_part_s_orgasm_strong_A,0,CVP_A2_S|0_GE_90000,一阵难以承受的酥麻从皮肤表面成片炸开，{TargetName}整具身子猛然绷紧后剧烈地颤栗起来。\n这是在连续绝顶许多次、敏感度攀上一个新台阶后迎来的强绝顶，强度远远盖过以往任何一次普通绝顶，连体表最细的汗毛都在战栗。\n泛红发烫的皮肤上汗水如瀑布般涌出淌落全身，花穴深处则狂涌出大量爱液，甚至溅出一小股潮吹，本不该敏感的普通肌肤竟被玩弄到这般失控。
1126,action_part_s_orgasm_strong_A,0,CVP_A2_S|0_GE_90000,如电流般的战栗接连窜过{TargetName}的每一寸肌肤，令她在这一刻迎来了一场远超寻常的强烈绝顶。\n经历过一次次高潮的皮肤敏感度早已攀升到新的高度，此刻连最轻的碰触都化作难以承受的快感洪流，激得全身肌肉连续痉挛抽搐。\n通红的皮肤上汗珠密密涌出、顺着曲线滑落，下体也失禁般涌出滚烫的爱液，量比普通绝顶多出许多，将这反常的极致快感展露无遗。
1127,action_part_s_orgasm_strong_A,0,CVP_A2_S|0_GE_90000,{TargetName}的皮肤成片泛起潮红，一波强烈到几乎撕裂理智的绝顶自体表席卷而来。\n这份快感是敏感度连升数级后的产物，比普通绝顶更为凶猛，酥麻如潮水般漫过每一寸肌肤，逼得身体反复弓起又瘫软。\n毛孔里汗水汩汩渗出、浸透全身，花穴同时狂涌爱液、伴着小幅潮吹喷洒而出，生理性的泪水也不受控制地涌上眼眶。
1128,action_part_s_orgasm_strong_A,0,CVP_A2_S|0_GE_90000,连最微弱的触碰都能让{TargetName}浑身猛地一震，这场强绝顶的烈度已然逼近她所能承受的边界。\n反复绝顶后被开发得离奇敏感的皮肤，此刻正把每一丝刺激都放大成灭顶般的酥麻，令肌肉一阵接一阵地剧烈抽搐。\n发烫的皮肤上汗水成串滚落，下身的爱液更是汹涌不止、几乎要喷薄成潮，将这远胜普通绝顶的强烈快感淋漓地宣泄出来。
1129,action_part_s_orgasm_strong_A,0,CVP_A2_S|0_GE_90000,一股凶猛的酥麻自皮肤深层轰然爆开，{TargetName}在失神的颤栗中迎来了这场非同寻常的强绝顶。\n敏感度跃上新台阶的肌肤连拂过的气流都难以忍受，快感如电流般层层叠加，狠狠冲垮了她仅存的一点理智。\n通红滚烫的体表汗如雨下、大颗大颗地淌落，花穴里的爱液也大量喷涌而出，比以往任何一次普通绝顶都要来得狂暴而失控。

1130,action_part_s_orgasm_strong_A,0,high_1,一阵远超以往的酥麻猛然从{TargetName}被抚弄的皮肤成片炸开，如电流般窜遍全身，敏感度早已攀上一个崭新的台阶，连最轻的触碰都能激起铺天盖地的颤栗。\n本不该有性感的普通皮肤竟被开发得这般敏感，整片肌肤刹那间泛红发烫，汗水如瀑布般从毛孔汹涌淌落，肌肉一波接一波剧烈痉挛，娇躯反复弓起又无力瘫软。\n花穴深处更是大量爱液狂涌喷洒，这远比寻常绝顶更凶猛的快感将她整个人冲得失神战栗。
1131,action_part_s_orgasm_strong_A,0,high_1,{TargetName}在皮肤连续绝顶了无数次后，敏感度终于再上一层，此刻积攒到极致的快感一齐爆发，酥麻的战栗自肌肤表层成片漫开，如无数细密的电流窜过每一寸皮肤。\n这股强烈到无法承受的刺激让她意识几乎被彻底冲垮，皮肤大片泛红滚烫，密集的汗水从毛孔喷涌而出淌满全身，肌肉剧烈而连续地抽搐。\n下体反射性地涌出大量爱液，甚至夹着小幅潮吹喷洒开来，量远胜从前的每一次普通绝顶。
1132,action_part_s_orgasm_strong_A,0,high_1,比普通绝顶更凶猛的强绝顶骤然攫住了{TargetName}，那股窜过皮肤的酥麻战栗成片扩散，敏感度攀升后连最细微的碰触都化作难以忍受的极致快感席卷全身。\n她的皮肤彻底泛红发烫得几乎要燃烧起来，豆大的汗珠如泉般从每个毛孔汹涌淌落，生理性泪水也不受控地涌出，全身肌肉一阵阵痉挛抽搐。\n花穴中大量爱液喷薄而出，这本不该敏感的普通皮肤竟被玩弄到如此地步，令她在剧烈快感里失神颤栗。
1133,action_part_s_orgasm_strong_A,0,high_1,积蓄已久的快感终于在{TargetName}的皮肤上一齐迸发，敏感度跃上新台阶后，成片的酥麻如烧红的电流劈过肌肤，强烈得连体表的每寸皮肤都难以承受。\n这远超普通绝顶的冲击几乎将她的意识冲垮，整片皮肤泛红滚烫、渗满亮晶晶的汗水，汗水成股淌落浸湿全身，娇嫩的身躯剧烈痉挛后深深弓起又软瘫下去。\n下体大量爱液如决堤般狂涌，将强绝顶那近乎失控的凶猛尽数写在她颤栗失神的娇态上。
1134,action_part_s_orgasm_strong_A,0,high_1,{TargetName}的整片皮肤在这一瞬被前所未有的强绝顶彻底吞没，酥麻的战栗自肌肤表层如潮水般成片漫卷，敏感度攀升后每一处触碰都激起劈进骨髓的凶猛快感。\n她通红发烫的皮肤上汗水如瀑倾泻，密密麻麻地淌满全身，肌肉一波波不受控地剧烈抽搐，脊背反复弓起又瘫软，眼角还渗出生理性的泪光。\n花穴深处更喷涌出大量爱液，这本无性感的普通皮肤竟被开发到高潮的反常，让她整个人失神地颤栗痉挛。

1135,action_part_s_orgasm_strong_A,0,t_npc_active_h,连续攀上绝顶已不知多少次，皮肤的敏感被硬生生拔高了一整个台阶，此刻连最轻的一次碰触都再难承受。\n{TargetName}的皮肤成片泛红发烫，如电流般的酥麻从表面炸开、瞬间窜遍全身，肌肉剧烈痉挛，身体反复弓起又瘫软。\n汗水如瀑涌出淌满全身，花穴同时狂涌爱液、甚至溅出小股潮吹，这股远胜以往的极强快感几乎把她的意识整个冲垮。
1136,action_part_s_orgasm_strong_A,0,t_npc_active_h,皮肤在连绵的绝顶后早已被开发得反常敏感，此番敏感度又跃上新台阶，整片体表连一丝气流拂过都酥软难耐。\n{TargetName}浑身肌肤骤然潮红滚烫，成片鸡皮疙瘩下窜起劈啪战栗，全身肌肉强烈绷紧又连续抽搐，脊背深深弓起。\n汗珠密密麻麻自毛孔渗涌、成股滑落，花穴深处爱液汹涌狂淌，这阵超越寻常的强绝顶让她双眼失神、通体颤栗。
1137,action_part_s_orgasm_strong_A,0,t_npc_active_h,这片本不该有性感的普通皮肤，竟在反复调教后连续绝顶到敏感度再上一阶，如今轻轻一擦便整片酥麻炸裂。\n{TargetName}的皮肤瞬间烧得通红发烫，酥麻如潮水般自表面漫开、层层劈进四肢百骸，肌肉失控地剧烈痉挛，腰身反复弓起又软塌。\n热汗从每一个毛孔里争先涌出、顺着肌肤成片淌落，下体爱液噗噗狂涌，这场远胜普通绝顶的强烈高潮几乎把她的神志整个卷走。
1138,action_part_s_orgasm_strong_A,0,t_npc_active_h,经历了一轮又一轮不间断的绝顶，皮肤的快感被垒得越来越高，敏感度终于狠狠跨上一层，连体表最细微的触感都成了灭顶的刺激。\n{TargetName}整片肌肤霎时泛起滚烫的潮红，成串的酥麻电流窜过肌理，肌肉一波接一波剧烈抽搐，身子深弓之后又颓然瘫软。\n汗水淋漓地覆满全身，花穴同时喷涌出大量爱液、隐隐带起一小股潮吹，那股远超以往的极强绝顶把她的意识冲得几近空白。
1139,action_part_s_orgasm_strong_A,0,t_npc_active_h,皮肤在连番绝顶的余韵里被彻底点燃，敏感度攀上前所未有的高度，此刻哪怕最轻的一缕触碰都足以引爆全身的战栗。\n{TargetName}成片的肌肤骤然滚烫泛红，酥麻感如电般自表面成片扩散、瞬间蔓遍周身，肌肉剧烈而连续地颤搐，脊背反复弓成弧线。\n晶亮的汗珠成瀑淌落，花穴深处爱液泛滥般狂涌，这一场比往常猛烈太多的强绝顶让她通体失控地痉挛、失神颤抖。

1140,action_part_s_orgasm_strong_A,0,group_sex_mode_on&CVP_A2_A|34_LE_4,连续绝顶多次后，{TargetName}的皮肤敏感到了违背常理的地步，此刻一股远胜普通绝顶的强烈酥麻如电流般成片窜过全身，每一寸皮肤都泛红发烫得难以承受。\n汗水如瀑布般自毛孔汹涌淌落，肌肉一波波剧烈痉挛，下体也反射性地狂涌出大量爱液。\n即便被这凶猛的强绝顶冲得几近失神，她仍死死记着身旁其他女性的目光，慌乱地蜷起身子遮掩，紧咬着唇强压住呻吟，羞耻与快意一同将她碾碎。
1141,action_part_s_orgasm_strong_A,0,group_sex_mode_on&CVP_A2_A|34_LE_4,本不该有性感的皮肤竟被开发得如此敏感，最轻的触碰都令{TargetName}整片肌肤剧烈战栗，这次绝顶的强度远远盖过了从前的每一次。\n泛红滚烫的皮肤上汗珠成片渗出淌满全身，身体反复弓起又瘫软，花穴狂涌的爱液甚至溅出细小的一线。\n她几乎被快感冲垮了神智，却仍强撑着用手臂遮住交合处，避开周遭一道道注视，把濒临溃散的娇吟死死咽回喉咙里。
1142,action_part_s_orgasm_strong_A,0,group_sex_mode_on&CVP_A2_A|34_LE_4,{TargetName}的皮肤在一次次绝顶的累积下攀上了新的敏感台阶，此刻成片的酥麻快感如潮水漫过体表，连体表每一寸肌肤都承受不住这远超以往的强烈刺激。\n滚烫泛红的皮肤上汗水淋漓而下，肌肉连续失控地抽搐，下身大量爱液汩汩涌流。\n即使意识几乎被这强绝顶冲散，她也没忘记周围其他女性的存在，蜷缩着身子极力遮挡，咬紧牙关不让失控的喘息泄出半点。
1143,action_part_s_orgasm_strong_A,0,group_sex_mode_on&CVP_A2_A|34_LE_4,一股比普通绝顶更加汹涌的快感骤然席卷全身，{TargetName}被反复调教到反常敏感的皮肤成片颤栗，泛起密密的鸡皮疙瘩又瞬间烧得通红。\n瀑布般的汗水从毛孔喷涌而下浸透周身，肌肉剧烈而连续地痉挛，爱液从花穴大股大股地喷淌，量远多于以往。\n她被这强烈的绝顶折磨得近乎失神，却仍在众目之下慌乱地收拢肢体遮住私处，死咬下唇把即将破口的媚叫压到最低。
1144,action_part_s_orgasm_strong_A,0,group_sex_mode_on&CVP_A2_A|34_LE_4,连续绝顶后敏感度陡然拔高，{TargetName}的皮肤此刻连最轻微的碰触都能引爆全身颤栗，一场远胜寻常的强绝顶如烈电般成片贯穿她的肌肤。\n发烫的皮肤上汗水如注淌落，全身肌肉一阵阵剧烈抽紧，下体反射性地喷涌出大量爱液甚至伴着小幅潮吹。\n哪怕被快感冲得几乎丧失神智，她仍清醒地感到旁边女性们的视线，羞窘地蜷起身子层层遮掩，强忍着不敢让呻吟惊动任何人。

1145,action_part_s_orgasm_strong_A,0,group_sex_mode_on&CVP_A2_A|34_G_4,{TargetName}的皮肤在连续绝顶了许多次之后，敏感度骤然攀上了一个全新的台阶，此刻整片皮肤如遭电流窜过般成片战栗，一场远胜以往的强烈绝顶轰然炸开。\n她非但没有丝毫遮掩，反而挺起身子将痉挛发烫的皮肤大方地朝向其他注视的女性，泛红发烫的肌肤上汗水如瀑涌落，花穴深处爱液狂涌而出，在众目睽睽下淫荡地展示着这场连普通皮肤都能被玩到高潮的失控绝顶。
1146,action_part_s_orgasm_strong_A,0,group_sex_mode_on&CVP_A2_A|34_G_4,连普通皮肤都被开发得这般敏感，{TargetName}只觉最轻的一丝碰触都令全身颤栗，这次强绝顶远远盖过了从前的每一次，酥麻的快感如潮水般漫过每一寸肌肤。\n她故意将战栗发烫的皮肤展露在其他人眼前，享受着被围观的兴奋，成片泛红的皮肤上大量汗水淋漓淌落，下体反射性地涌出汹涌的爱液，甚至伴着小幅潮吹喷洒而出。
1147,action_part_s_orgasm_strong_A,0,group_sex_mode_on&CVP_A2_A|34_G_4,敏感度上升一个台阶后的皮肤再也承受不住，{TargetName}迎来了一场强度惊人的绝顶，酥麻的电流自被抚弄的皮肤成片扩散，窜遍四肢百骸令她意识几乎被冲垮。\n她主动挺胸弓腰，把抽搐发红的皮肤炫耀般朝向其他女性，滚烫的汗水从毛孔汩汩渗出淌满全身，花穴里的爱液大股大股地喷涌而下，将这份失控的淫态毫不掩饰地展示给所有围观者。
1148,action_part_s_orgasm_strong_A,0,group_sex_mode_on&CVP_A2_A|34_G_4,这一次的绝顶远比寻常猛烈，{TargetName}那本不该有性感的皮肤在反复调教后竟被彻底玩到了高潮，成片肌肤如触电般酥麻战栗，失神的她在极致快感中剧烈颤栗。\n她迎着旁人的目光刻意展露痉挛发烫的皮肤，得意地享受着被注视的快意，泛红的皮肤上汗水汹涌而下，下体的爱液也随之狂涌，量远远多过以往的每一次绝顶。
1149,action_part_s_orgasm_strong_A,0,group_sex_mode_on&CVP_A2_A|34_G_4,随着皮肤敏感度攀上新的台阶，{TargetName}迎来一场撼动灵魂的强绝顶，酥麻感自皮肤表面成片漫开、窜过全身，强烈得连体表的每一寸都难以承受。\n她非但不知羞耻地遮掩，反倒主动将战栗的皮肤朝向围观的其他人炫耀，滚烫的汗水如瀑般顺着泛红发烫的肌肤淌落，花穴深处大量爱液狂涌喷洒，把这场淫靡的失控绝顶尽数暴露在众人眼前。

1150,action_part_s_orgasm_strong_A,0,h_in_love_hotel,在爱情旅馆暧昧的灯光里，{TargetName}被开发到反常敏感的皮肤又一次连绵地攀上了绝顶，这一回的强度远远盖过了之前那些普通的高潮。\n如电流般的酥麻从每一寸肌肤成片炸开，敏感度攀升了一个台阶后，连最轻的触碰都叫她浑身剧烈颤栗，通红发烫的皮肤上汗水如瀑布般涌落，花穴里爱液狂涌而出，几乎溅出细细的一线。\n她的意识几乎被这非人的快感彻底冲垮，在这私密房间里失神地绷紧又瘫软。
1151,action_part_s_orgasm_strong_A,0,h_in_love_hotel,爱情旅馆隔音的房间将一切喘息封在私密之中，{TargetName}那本不该有性感的皮肤此刻却被玩弄到又一次冲上强烈的绝顶。\n经历了一次次连绵绝顶后，肌肤的敏感被推高了整整一层，酥麻如潮水般从体表漫过，连风拂过都嫌太烈，通体的皮肤泛红滚烫，汗水成串地从毛孔里沁出淌落。\n下身花穴反射性地喷涌出大量爱液，她在这远超以往的剧烈快感中几近失神，浑身不受控地痉挛战栗。
1152,action_part_s_orgasm_strong_A,0,h_in_love_hotel,借着爱情旅馆里那片旖旎的红光，{TargetName}再一次被推上了皮肤的强绝顶，其烈度已远非寻常高潮可比。\n敏感度攀高一级之后，每一寸肌肤都成了藏不住的开关，细密的战栗如电流般接连窜过体表，通红的皮肤上汗珠密密麻麻地渗出又滑落，浸得全身湿漉漉的。\n她腰肢深深弓起后又无力瘫软，花穴里爱液汹涌而出，甚至溅出小小的一注，意识在这狂潮般的快感里被冲得几乎空白。
1153,action_part_s_orgasm_strong_A,0,h_in_love_hotel,暧昧的房间里回荡着压抑不住的娇喘，{TargetName}那被反复调教得违背常理的皮肤，此刻迎来了一场凶猛得吓人的强绝顶。\n酥麻的快感从被抚弄的肌肤成片扩散，敏感被拔高了一整个台阶，全身的皮肤都难以承受这般刺激而剧烈颤抖，滚烫泛红的体表上汗水如小溪般不住地流淌。\n花穴深处爱液大量狂涌，隐隐带着一线潮吹，她在这远胜从前的极强快感中失神战栗，几乎失去了对身体的掌控。
1154,action_part_s_orgasm_strong_A,0,h_in_love_hotel,在爱情旅馆这方私密而暧昧的天地里，{TargetName}的皮肤又一次被开发到临界，连绵冲上了强度惊人的绝顶。\n那如电流窜遍肌肤的酥麻在敏感度跃升后变得愈发难耐，成片的战栗漫过每一寸体表，通红发烫的皮肤上汗如雨下，湿透了整个身子。\n下体花穴不受控地涌出大股爱液，她的意识在这几乎要将她冲垮的快感洪流里剧烈晃荡，只余下失神的颤栗与一波接一波的肌肉抽搐。

1155,action_part_s_orgasm_strong_A,0,h_in_bathroom,在弥漫的水汽中，{TargetName}周身的皮肤骤然大片泛红发烫，一股远比往常猛烈的酥麻如电流般窜遍肌肤，逼得她浑身剧烈战栗。\n连续绝顶多次后敏感度攀上新台阶的皮肤，此刻连湿滑水珠的轻拂都承受不住，迎来一场远超普通绝顶的强烈高潮。\n汗水混着热水从泛红的肌肤上大股淌落，花穴里的爱液失控般狂涌而出，水声与她失神的娇吟在浴室里交织回响。
1156,action_part_s_orgasm_strong_A,0,h_in_bathroom,温热的水流哗哗淋在{TargetName}身上，她的皮肤蓦地成片起了鸡皮疙瘩，一阵电流般的酥麻从被抚弄处炸开、瞬间烧遍全身，激得她猛然弓起身子又剧烈发颤。\n这是那处皮肤连续高潮多次、敏感度陡然拔高一截后迎来的强绝顶，强度远非普通绝顶可比，连水汽的轻抚都成了难以承受的刺激。\n滚烫的汗水顺着湿漉漉的肌肤汩汩涌落，下身爱液喷涌而出甚至带出一小股潮吹，湿滑的水声和她破碎的呻吟响成一片。
1157,action_part_s_orgasm_strong_A,0,h_in_bathroom,浴室里热气蒸腾，{TargetName}裸露的皮肤突然一寸寸泛起潮红，一波远超以往的酥麻如潮水漫过每一寸肌肤，让她整具湿淋淋的身体不受控制地连连痉挛。\n这具早已被反复调教得连普通皮肤都能高潮的身子，在连续绝顶后敏感度更上一层，如今连一缕水汽拂过都能引爆强烈的绝顶。\n淋漓的汗水混着水珠从毛孔里成片渗出，爱液大股大股地自花穴狂淌，水声与失控的媚吟在氤氲雾气中缠绕回荡。
1158,action_part_s_orgasm_strong_A,0,h_in_bathroom,水雾缭绕间，{TargetName}的皮肤骤然烫得通红，一股比普通绝顶猛烈太多的酥麻从体表成片扩散、如电流劈进四肢百骸，逼得她全身肌肉抽搐着弓起又瘫软。\n连续多次高潮后，这片皮肤的敏感被彻底拔高了一个台阶，此刻连湿滑肌肤间最轻的一触都令她承受不住地颤栗尖叫。\n豆大的汗珠混着热水从泛红的肌肤上滚落成流，下体涌出的爱液顺着湿腻的大腿淌下，回荡的水声里满是她失神的喘息。
1159,action_part_s_orgasm_strong_A,0,h_in_bathroom,氲氲雾气浸润着{TargetName}湿滑的躯体，她的皮肤忽然大片发烫泛红，一阵远胜从前的电流般酥麻窜遍肌肤，激得她浑身剧烈战栗、意识几乎被冲得涣散。\n敏感度在接连不断的绝顶后攀上新的高峰，如今这处皮肤连水珠滑落都成了难以招架的强刺激，迎来一场极强的绝顶。\n热汗如瀑从毛孔倾泻淌满全身，爱液自花穴汹涌狂喷甚至溅出细线，湿滑的水声和她失控的娇喘在浴室中交织成一片淫靡。

1160,action_part_s_orgasm_strong_A,0,hidden_sex_mode_1&place_someone_not_in_hidden_and_conscious,众人环伺之间，{TargetName}强撑着不动声色，可她的皮肤早在连番绝顶后攀上了新的敏感台阶，此刻哪怕最轻的一缕摩挲都化成电流般的酥麻成片炸开。\n这一记强绝顶远猛于以往，快感从体表烧遍全身，意识几乎被生生冲垮。\n泛红发烫的肌肤上汗如瀑涌，花穴狂淌爱液甚至微微潮吹，她却只能死咬着唇装作无事，唯恐被身旁投来疑色的人窥破这场偷欢。
1161,action_part_s_orgasm_strong_A,0,hidden_sex_mode_1&place_someone_not_in_hidden_and_conscious,偏偏是最不该有感觉的皮肤，被反复调教到连轻触都受不住，此刻{TargetName}又一次被推上远超普通绝顶的强烈巅峰。\n酥麻如潮水漫过每一寸肌肤，她浑身剧烈痉挛却拼命憋着不敢出声，只因四周尚有人来往，投来若有似无的怀疑视线。\n汗水成片从发烫的皮肤上滚落，下体爱液止不住地喷涌，她强装镇定的神色与失控颤栗的身子形成骇人的反差。
1162,action_part_s_orgasm_strong_A,0,hidden_sex_mode_1&place_someone_not_in_hidden_and_conscious,连续多次绝顶后，{TargetName}的皮肤敏感度已跃上一个全新台阶，此刻一阵极强的绝顶轰然袭来，酥麻的战栗自体表成片扩散，窜遍四肢百骸。\n她在光天化日下强忍着不敢乱动，肌肉却抑制不住地连连抽搐，泛红的皮肤上汗珠密布滚落，花穴狂涌爱液。\n身旁的人似乎察觉到了她的异样，投来怀疑的目光，这份被窥破的危机反而将这场强绝顶烧得愈发滚烫。
1163,action_part_s_orgasm_strong_A,0,hidden_sex_mode_1&place_someone_not_in_hidden_and_conscious,本该毫无性感的普通皮肤，如今竟被开发得连一丝碰触都能引爆全身，{TargetName}在连续绝顶累积后迎来了一次非常强烈的巅峰。\n酥麻如电流劈过肌肤一路烧进脑髓，她意识险些溃散，却只能绷紧全身佯装平静。\n滚烫泛红的皮肤上汗水如注淌下，下身爱液狂泄，她死死压抑着颤抖的躯体，生怕周遭那些狐疑的目光真的看穿这偷偷摸摸的极乐。
1164,action_part_s_orgasm_strong_A,0,hidden_sex_mode_1&place_someone_not_in_hidden_and_conscious,在众人面前，{TargetName}表面维持着若无其事的姿态，可敏感度攀升后的皮肤早已承受不住，一记远胜寻常的强绝顶骤然贯穿全身。\n成片的酥麻从体表炸裂开来，烧得她神志几近涣散，浑身不受控地剧烈战栗。\n发烫的肌肤上汗水瀑布般涌出，花穴狂喷爱液，她却只能咬牙硬撑，努力不让身旁投来审视目光的人发觉这场藏在众目下的绝顶。

1165,action_part_s_orgasm_strong_A,0,hidden_sex_mode_2&place_someone_not_in_hidden_and_conscious,躲在无人察觉的隐蔽角落里，{TargetName}周身的皮肤终于承受不住那一波波成片漫开的酥麻，迎来了一场远超从前的猛烈绝顶。\n连日来一次次的连续高潮早把她皮肤的敏感度顶上了新的台阶，此刻连最细微的碰触都化作电流窜遍全身。\n她泛红发烫的皮肤上汗水如瀑涌落，下体爱液失禁般狂喷而出，只能死死咬牙绷紧身子不让自己颤抖失声。\n而近旁的{Name}却在{SceneName}中神色如常，仿佛全然不知身侧正上演着这般失控的光景。
1166,action_part_s_orgasm_strong_A,0,hidden_sex_mode_2&place_someone_not_in_hidden_and_conscious,{TargetName}把自己缩在旁人瞧不见的地方，绷紧的皮肤却在这一刻彻底失守，被那如潮水般漫过体表的快感冲成了一场极强的绝顶。\n反复登顶累积起的敏感让她的皮肤脆弱到无法承受一丝一毫的抚弄，成片的战栗一路窜遍四肢百骸。\n滚烫泛红的肌肤上密汗涔涔淌落，花穴里更是涌出汹涌的爱液，她拼命压抑着几乎要冲垮理智的颤栗。\n不远处的{Name}仍从容地应对着周遭的一切，无人料到暗处的她正被这般强烈的高潮席卷。
1167,action_part_s_orgasm_strong_A,0,hidden_sex_mode_2&place_someone_not_in_hidden_and_conscious,藏在阴影里屏息隐忍的{TargetName}，皮肤突然被一股远胜寻常的强绝顶彻底吞没，成片的酥麻如电流般从体表炸开又窜回。\n连续多轮的绝顶已让她这具本不该有性感的普通皮肤敏感到骇人，任何轻触都足以让全身剧烈颤栗。\n泛红的皮肤上汗珠密密滚落，湿透了每一寸，下身的爱液更是喷涌而出淋漓不止。\n她死死抿唇忍着这几乎要泄露出去的失控，而{Name}正在{SceneName}中不动声色地掩护着这一切。
1168,action_part_s_orgasm_strong_A,0,hidden_sex_mode_2&place_someone_not_in_hidden_and_conscious,{TargetName}将身子藏进了众人视线的死角，可她的皮肤却在这一瞬被一场强烈得远超普通绝顶的高潮攫住，酥麻成片地窜遍全身。\n多次连续登顶后陡然拔高的敏感，让她连体表最轻的一下摩挲都再难忍受，颤栗如电流般层层叠涌。\n发烫泛红的肌肤上汗水如注地淌落，下体爱液狂涌甚至溅出细小的潮吹，她拼尽全力才没让自己抖出声响。\n身旁的{Name}却一派镇定地立在原地，仿佛这暗处翻涌的极致快感与他毫不相干。
1169,action_part_s_orgasm_strong_A,0,hidden_sex_mode_2&place_someone_not_in_hidden_and_conscious,缩在别人发现不到的隐秘处，{TargetName}全身的皮肤终究抵不住那一层层扩散的强烈酥麻，被硬生生推上了一场远超以往的猛烈绝顶。\n连番高潮堆叠出的敏感已让她的皮肤脆弱得不可思议，哪怕最细微的碰触都能激起窜遍全身的剧颤。\n她通红发热的皮肤上汗水瀑布般倾泻，爱液也从花穴里失控地喷淌而出，只能拼命绷紧身体死死忍耐。\n而{Name}仍在{SceneName}里佯装无事地周旋，无人知晓咫尺之外的她正被快感冲垮理智。

1170,action_part_s_orgasm_strong_A,0,hidden_sex_mode_3&place_someone_not_in_hidden_and_conscious,本不应有情欲的普通皮肤，如今连最轻的碰触都能激起成片颤栗，{TargetName}强撑着不让旁人看出端倪。\n藏在隐蔽处的{Name}悄悄撩拨，酥麻如电流窜遍肌肤，敏感度陡升一阶，这次绝顶远比往常凶猛。\n整片皮肤泛红发烫，汗水如瀑涌出淌落，下体亦狂涌爱液，她只能咬牙硬撑，任身子在这强绝顶里剧烈颤栗。
1171,action_part_s_orgasm_strong_A,0,hidden_sex_mode_3&place_someone_not_in_hidden_and_conscious,连普通皮肤都被开发得如此淫乱，{TargetName}表面装作若无其事地应付着周遭，暗处的{Name}却坏心地不停挑逗。\n刹那间酥麻的战栗成片漫过体表，每一寸皮肤都难以承受，敏感度攀上新的台阶，迎来一场极强的绝顶。\n发烫的肌肤沁出瀑布般的汗水，花穴狂喷爱液甚至小幅潮吹，她死死绷住表情，身体却抖得几乎瘫软。
1172,action_part_s_orgasm_strong_A,0,hidden_sex_mode_3&place_someone_not_in_hidden_and_conscious,这具身子早被调教到连皮肤都成了性感带，{TargetName}佯装镇定地维系着周围的寻常，谁也不该发现藏起来的{Name}正在作乱。\n可成片的酥麻如电流劈过肌肤，敏感度骤然跃升，非常强的绝顶轰然袭来，远超以往任何一次。\n泛红滚烫的皮肤汗如雨下，下体大量爱液喷涌而出，她拼命压着颤声，仍止不住浑身剧烈痉挛。
1173,action_part_s_orgasm_strong_A,0,hidden_sex_mode_3&place_someone_not_in_hidden_and_conscious,本该毫无快感的普通皮肤竟被玩弄到高潮，{TargetName}强忍着继续假装无事，只有暗处的{Name}知晓真相。\n连续绝顶多次后敏感度再上一层，这一回的强绝顶凶猛得连体表每一寸肌肤都禁不住，酥麻成片炸开。\n全身皮肤泛红灼热，汗水滂沱般淌落，爱液自花穴狂涌，她死撑着不露破绽，身子却弓起又瘫软地颤个不停。
1174,action_part_s_orgasm_strong_A,0,hidden_sex_mode_3&place_someone_not_in_hidden_and_conscious,皮肤这等寻常之处也被开发成了淫窝，{TargetName}竭力维持表面的平静瞒过身边的目光，藏起的{Name}仍不肯罢手。\n酥麻如潮水漫过每寸肌肤，敏感度陡然拔高，一场远胜寻常的强绝顶将她整个人吞没。\n滚烫泛红的皮肤涌出瀑布般的汗，下体狂溢爱液，她咬紧牙关强压呻吟，浑身却剧烈战栗到几近失神。

1175,action_part_s_orgasm_strong_A,0,hidden_sex_mode_4&place_someone_not_in_hidden_and_conscious,身旁不远还有旁人在，{TargetName}死死抿唇，将几乎夺口而出的浪叫硬咽回喉咙。\n皮肤连续绝顶多次后敏感度陡上一阶，连最轻的触碰都成了难以承受的强烈快感，成片酥麻如电流窜遍全身。\n泛红发烫的皮肤上汗水如瀑涌落，肌肉剧烈痉挛，下体不受控地狂涌爱液。\n她被这远超以往的强绝顶冲得意识几近溃散，仍拼命绷紧身子不敢出声。
1176,action_part_s_orgasm_strong_A,0,hidden_sex_mode_4&place_someone_not_in_hidden_and_conscious,周遭尚有他人走动，{TargetName}将满溢的呻吟死死锁在齿关，任身体无声地剧烈颤栗。\n一连串绝顶累积后，皮肤的敏感被推上全新高度，每一寸肌肤都承受着如潮般漫涌的强烈快感。\n通红滚烫的皮肤上汗珠不断沁出滚落，全身肌肉一阵阵抽搐绷紧，花穴更涌出大量爱液。\n这场远胜寻常的强绝顶几乎冲垮她的神志，她却仍咬牙压着动静，生怕近旁的人瞧出端倪。
1177,action_part_s_orgasm_strong_A,0,hidden_sex_mode_4&place_someone_not_in_hidden_and_conscious,明明有人就在不远处，{TargetName}却只能压抑地弓着腰，将快要溢出的娇吟尽数吞回。\n在皮肤反复攀上绝顶之后，敏感度骤然跃升一层，连轻微的摩挲都化作铺天盖地的强烈电流。\n她通体泛红、汗如雨下，皮肤表面汗水淌成一片，下身失禁般涌出滚烫爱液。\n强绝顶的冲击让她几近失神，她死咬下唇不敢泄出半点声响，唯恐惊动那些似乎察觉到异样的人。
1178,action_part_s_orgasm_strong_A,0,hidden_sex_mode_4&place_someone_not_in_hidden_and_conscious,耳畔还有旁人的动静，{TargetName}强忍着不让自己叫出声，全身却抑制不住地剧烈痉挛。\n连番绝顶把皮肤的敏感彻底逼上新台阶，此刻哪怕最轻的一触也会引爆漫遍周身的强烈快感。\n滚烫的皮肤上汗水成股淌落，肌肉一波波失控抽搐，花穴狂涌爱液险些潮吹而出。\n这远超普通绝顶的极强快意几乎将她的理智冲散，她仍死死绷着身子隐藏着自己的失态。
1179,action_part_s_orgasm_strong_A,0,hidden_sex_mode_4&place_someone_not_in_hidden_and_conscious,藏在旁人望不见的角落，{TargetName}把翻涌的浪叫死死咽下，只余无声的战栗遍布全身。\n皮肤在数度绝顶后敏感陡增一阶，最细微的碰触都被放大成难以招架的滔天快感。\n泛红发烫的肌肤上汗珠如瀑倾泻，浑身肌肉剧烈抽搐绷紧，下体更是失控地喷涌爱液。\n她被这非同寻常的强绝顶冲得意识摇摇欲坠，却还拼命屏着气息压住颤抖，生怕露出破绽。

1180,action_part_s_orgasm_strong_A,0,exhibitionism_sex_mode_1,一股远超从前的酥麻自皮肤表面成片炸开，本不该有性感的肌肤在反复调教后早已跃上崭新的台阶，此刻连最轻的碰触都能引爆一场非常强烈的绝顶。\n{TargetName}浑身剧烈战栗，成片皮肤泛红发烫，汗水如瀑涌出淌满全身，花穴也失禁般狂涌爱液。\n在这暂时无人却随时可能被推门撞见的室内，未锁的门缝让她的羞耻与极乐一同冲到了顶点。
1181,action_part_s_orgasm_strong_A,0,exhibitionism_sex_mode_1,比寻常绝顶猛烈太多的快感如电流般窜过全身，{TargetName}那被开发得违背常理的皮肤敏感度又攀高了一阶，轻轻一擦便掀起铺天盖地的战栗。\n她失神地弓起腰又瘫软，浑身肌肉连连痉挛，汗珠从每一个毛孔里争先涌出，下身爱液大股大股地淌落。\n窗外隐约晃动的人影令她心惊肉跳，越是怕被看见，这场强烈的皮肤高潮就越发汹涌难止。
1182,action_part_s_orgasm_strong_A,0,exhibitionism_sex_mode_1,皮肤表面漫开的酥麻在这一刻烧成了燎原之势，{TargetName}那早已被玩到反常敏感的肌肤又跨上一个新台阶，迎来一场远比普通绝顶剧烈的强绝顶。\n她整个人失神颤栗，通红的皮肤上汗如雨下，四肢不受控地抽搐，花穴深处爱液狂涌甚至小幅潮吹。\n在这未上锁的室内独处，随时可能有人闯入的紧张感让露出的羞耻与快感被推到了极致。
1183,action_part_s_orgasm_strong_A,0,exhibitionism_sex_mode_1,一波如潮的酥麻自皮肤成片扩散，连体表每一寸肌肤都难以承受，{TargetName}被反复调教出的皮肤快感又上升了一层，猛地被卷进一场非常强的绝顶里。\n她仰头失神，浑身泛红发烫，滚烫的汗水簌簌滚落，小腹反复抽搐间大量爱液从花穴涌出。\n明明室内空无一人，那扇透亮的窗与虚掩的门却让她时刻担心被撞破，羞耻反而令这场高潮更加剧烈。
1184,action_part_s_orgasm_strong_A,0,exhibitionism_sex_mode_1,这一场绝顶远比以往任何一次都要凶猛，{TargetName}那本不该敏感的皮肤在无数次高潮后终于跃上新的台阶，如今最轻的抚弄都足以令她全身战栗着攀上强绝顶。\n成片肌肤烫得通红，汗水如瀑倾泻，肌肉一阵阵剧烈痉挛，下体爱液失禁般狂涌。\n在这随时可能被人推门看见的无人室内，露出的羞耻感与灭顶的快意交缠着冲垮了她的理智。

1185,action_part_s_orgasm_strong_A,0,exhibitionism_sex_mode_2,在{SceneName}这片毫无遮蔽的开阔室外，{TargetName}的皮肤经过一连串接踵而至的绝顶后，敏感度早已被推上了一个全新的台阶，此刻连最轻微的碰触都化作难以承受的剧烈快感。\n那股酥麻如汹涌的电流般从体表成片炸开，窜遍全身每一寸肌肤，远比寻常绝顶来得凶狠。\n本不该有性感的普通皮肤竟被开发到这般敏感，全身泛红发烫，汗水如瀑布般从毛孔涌出淌落，肌肉连续痉挛抽搐，花穴深处更是狂涌出大量爱液，微风拂过裸露的躯体，远处隐约的人声让这场暴露在天光下的强绝顶更添几分战栗的背德。
1186,action_part_s_orgasm_strong_A,0,exhibitionism_sex_mode_2,开阔的室外空地上，{TargetName}赤裸的身子毫无遮掩地暴露在天光之下，皮肤在连番绝顶的累积后猛地攀上一个新的敏感台阶，迎来一场远超普通绝顶的强烈高潮。\n如电流窜过肌肤的战栗从被抚弄的体表一圈圈漫开，连体表最细微的一寸都无法承受，酥麻的快感洪流劈头盖脸地席卷全身。\n潮红的皮肤滚烫发热，豆大的汗珠成片自毛孔喷涌而出，顺着颤抖的躯体滑落，肌肉剧烈而不受控制地连续抽搐，身体反复弓起后又瘫软，下体反射性地涌出大量爱液甚至溅出小股潮吹，空旷环境里随时可能有人路过的紧张让她在极致的酥麻中失神颤栗。
1187,action_part_s_orgasm_strong_A,0,exhibitionism_sex_mode_2,在这片一览无余的室外，{TargetName}的皮肤被反复推上绝顶又落下，直到敏感度整整跃升一级，才终于迎来这场凶猛得远胜以往的强绝顶。\n成片的酥麻战栗如密集的电流从体表窜起，快感强烈到连最轻的碰触都令全身颤栗不止，这种连普通皮肤都能被玩到高潮的反常令人头皮发麻。\n她通体泛红发烫，汗水如决堤般从每一个毛孔汹涌而出，浸透了微风中裸露的肌肤，肌肉一波接一波剧烈痉挛，生理性泪水夺眶而出，花穴狂涌出大量爱液，开放天地间那种毫无遮蔽的暴露感让这场强绝顶愈发汹涌而失控。
1188,action_part_s_orgasm_strong_A,0,exhibitionism_sex_mode_2,{SceneName}的空旷室外一望无际，{TargetName}的皮肤在一连串绝顶的轮番冲刷后敏感度陡然升上新的台阶，此刻爆发出一场强度惊人的绝顶高潮。\n酥麻的快感如电流般成片扫过体表，从被触碰之处向四面八方疯狂扩散，连每一寸肌肤都难以承受这般刺激，与阴道深处的钝重快感截然不同。\n泛红滚烫的皮肤上汗水如瀑布般狂淌而下，肌肉剧烈连续地抽搐痉挛，腰身反复深深弓起又无力瘫软，下体涌出的爱液比寻常绝顶多出数倍，甚至伴着小幅潮吹喷洒而出，暴露在开阔天光下随时可能被撞见的刺激令她战栗得几乎失神。
1189,action_part_s_orgasm_strong_A,0,exhibitionism_sex_mode_2,毫无遮蔽的室外空间里，{TargetName}赤裸的躯体连番经历皮肤绝顶后，敏感度已被硬生生拔高一截，这一次迎来的是远比普通绝顶凶猛的强烈高潮。\n如电流窜行的酥麻从被摩挲的皮肤表面猛地成片炸开，快感如潮水般漫过全身，连体表最轻微的碰触都化作难以招架的剧烈战栗。\n她全身皮肤泛起深重潮红滚烫如烧，汗水成股从毛孔喷涌淌满周身，肌肉不受控制地连续抽搐绷紧，身子反复弓起又软塌下去，花穴处大量爱液汹涌而出并溅出细小的潮吹，空旷环境中远处飘来的脚步声让这场暴露天地间的强绝顶更添难以言喻的酥颤。

1190,action_part_s_orgasm_strong_A,0,exhibitionism_sex_mode_3,在众多清醒的视线注视之下，{TargetName}那片被反复调教到敏感成灾的皮肤终于承受不住，迎来一场远比往常更炽烈的强绝顶。\n成片的酥麻如电流般窜遍全身肌肤，本不该有性感的皮肤竟被开发到连最轻的触碰都会引爆遍体战栗，通红发烫的肌肤上汗水如瀑涌落，下体也止不住地狂涌出大量爱液。\n当着这么多人的面失控高潮，被观看的羞耻反把快感推得更高，令她在人前颤栗着彻底沦陷。
1191,action_part_s_orgasm_strong_A,0,exhibitionism_sex_mode_3,公开的场合里，无数目光牢牢锁在{TargetName}身上，她那被玩弄到极度敏感的皮肤在连续多次绝顶后又攀上一个新的台阶，此刻爆发出一次强烈到失控的绝顶。\n酥麻的快感从皮肤表面成片扩散，一寸寸肌肤都难以承受，全身肌肉剧烈痉挛，大量汗水从毛孔涌出淌满周身，花穴更是狂涌爱液几乎潮吹。\n被众人围观着达到这般失态的高点，极致的羞耻与背德的兴奋交织，将这场强绝顶烧灼得愈发滚烫。
1192,action_part_s_orgasm_strong_A,0,exhibitionism_sex_mode_3,在这毫无遮掩的公开之地，{TargetName}暴露在所有人的视线中，那片早已被开发得违背常理的敏感皮肤连续绝顶多次后，终于迎来一场非常强烈的绝顶。\n如电流窜过的战栗成片漫过肌肤，敏感到连一丝气流拂过都令全身抽搐颤栗，通红的皮肤上汗珠密布滚落，生理性泪水涌出眼眶，下体的爱液大股大股地流淌。\n知道自己正被众目睽睽地看着，那份滚烫的羞耻竟令这场强绝顶来得比任何一次都更凶猛。
1193,action_part_s_orgasm_strong_A,0,exhibitionism_sex_mode_3,众目睽睽之下，{TargetName}再也压不住那场蓄势已久的强绝顶，被反复挑弄到敏感极点的皮肤此刻彻底失守。\n遍布全身的酥麻如潮水般成片漫开，本该毫无性感的普通皮肤竟被玩到连最轻微的碰触都能引发剧烈战栗，滚烫泛红的肌肤汗如雨下，腰身反复弓起又瘫软，下体涌出的爱液浸得一片狼藉。\n在这么多清醒的注视里高潮到失控，被观看的背德快意让这次绝顶强烈得几乎冲垮她的意识。
1194,action_part_s_orgasm_strong_A,0,exhibitionism_sex_mode_3,当着众人的面，{TargetName}那具被调教到皮肤都能高潮的身体骤然绷紧，成片敏感的肌肤迎来一场远超普通绝顶的强烈峰值。\n酥麻的电流般快感自皮肤表面一路窜遍周身，敏感度攀升后连最轻的触碰都令她遍体颤栗，通红发烫的皮肤上汗水淋漓涌落，花穴也失禁般地狂涌爱液。\n暴露在公开场合被无数视线剥光般地凝视，滚烫的羞耻感非但没有压下快感，反而将这场强绝顶推向了更失控的高度。

1195,action_part_s_orgasm_strong_A,0,exhibitionism_sex_mode_4,周遭尽是失去意识的旁人，{TargetName}那本不该有性感的皮肤却在此刻迎来一场远胜从前的强绝顶。\n连番绝顶后敏感度已窜上新的台阶，最轻的抚弄都叫成片肌肤如过电般酥麻战栗。\n她拼命压着嗓子怕惊醒近旁的人，通红发烫的皮肤上汗水如瀑淌落，花穴里爱液狂涌几欲潮吹，背德的紧张让快感汹涌到几乎冲垮意识。
1196,action_part_s_orgasm_strong_A,0,exhibitionism_sex_mode_4,在这满是昏睡者的地方，{TargetName}被玩弄得违背常理的皮肤成片泛红发烫，猛地窜起一阵远超普通绝顶的强烈高潮。\n数度绝顶累积之下，肌肤敏感得连一丝气流都承受不住，酥麻如潮水漫遍周身。\n她屏息忍着不敢出声，生怕近在咫尺的无意识者忽然转醒，大颗汗珠从毛孔里争相沁出，下体爱液止不住地喷涌，失神的战栗中满是压抑不住的背德快意。
1197,action_part_s_orgasm_strong_A,0,exhibitionism_sex_mode_4,四下都是毫无知觉的旁人，{TargetName}早被调教得反常敏感的皮肤蓦地绷紧，迎来一次比以往任何一次都更凶猛的强绝顶。\n连续绝顶后敏感度更上一层，哪怕最细微的碰触也令整片肌肤剧烈颤栗。\n她死咬下唇压抑呻吟，唯恐惊醒身边沉睡的人，滚烫的皮肤上汗水淋漓而下，花穴深处大量爱液狂泄，紧绷的背德感让这场强绝顶将她的神志几近冲散。
1198,action_part_s_orgasm_strong_A,0,exhibitionism_sex_mode_4,身旁横陈着一个个失去意识的人，{TargetName}那被开发到不像话的皮肤陡然爆发出远胜平常的强烈绝顶。\n多次绝顶叠加使肌肤敏感度攀升，连轻轻一抚都能叫成片皮肤如电流窜过般酥麻。\n她强忍着不发出半点声息，深知这些人随时可能睁眼，泛红的肌肤上汗如雨落，爱液自花穴汹涌而出甚至小幅潮吹，越是压抑越觉这背德的强绝顶淹没心神。
1199,action_part_s_orgasm_strong_A,0,exhibitionism_sex_mode_4,在这片沉睡者环绕的空间里，{TargetName}违反常理般敏感的皮肤成片战栗，被推上了一个远超普通绝顶的极强高潮。\n历经连番绝顶后，肌肤的快感已升上崭新的台阶，纤微的触碰都令周身酥麻难耐。\n她咬紧牙关拼命噤声，怕惊动咫尺之外的无意识者，火烫的皮肤上汗水成股滑落，下体爱液喷涌淋漓，那份怕被撞见的紧张让强绝顶来得愈加汹涌失控。

1200,action_part_s_orgasm_strong_A,0,t_imprisonment_1&CVP_A2_G_E_0,被囚在冰冷牢笼里的{TargetName}早已被逼着在皮肤上连绝多次，敏感度攀上了全新台阶。\n此刻连最轻的碰触都令整片皮肤炸开成片酥麻，如电流窜遍全身，她惊恐挣扎却被死死束缚。\n本不该有性感的皮肤竟被开发得如此淫乱，泛红发烫的肤面汗如瀑涌，花穴狂喷爱液，她意识几乎被这远超以往的强绝顶冲垮，失神颤栗，屈辱的泪水夺眶而出。
1201,action_part_s_orgasm_strong_A,0,t_imprisonment_1&CVP_A2_G_E_0,与{Name}还全然陌生的{TargetName}被锁在牢中，皮肤早已被玩弄到连绝了一轮又一轮，感度骤升一档。\n轻轻一抚便有滔天酥麻自肌肤成片漫开、直劈脑髓，这股强绝顶远比先前任何一次都要凶猛，她想抗拒却挣不脱束缚。\n发红滚烫的皮肤上汗珠密密滚落，下体不受控地涌出大量爱液，她几乎被冲得失了神，只能颤抖着承受这反常至极的极强快感。
1202,action_part_s_orgasm_strong_A,0,t_imprisonment_1&CVP_A2_G_E_0,囚牢中的{TargetName}对眼前的一切既恐惧又不解，偏偏她的皮肤已被开发到连番绝顶后又拔高了一层敏感。\n此刻哪怕最细微的摩挲都掀起铺天盖地的酥麻战栗，成片窜过肌肤，强烈得连体表每一寸都难以承受。\n泛红发烫的皮肤汗水淋漓地淌满全身，花穴汹涌喷出爱液，她意识被这股强绝顶冲得近乎空白，浑身失控地剧颤，屈辱与愤怒糊满了泛泪的脸。
1203,action_part_s_orgasm_strong_A,0,t_imprisonment_1&CVP_A2_G_E_0,被束缚在牢里的{TargetName}对这个陌生男人满心抵触，皮肤却在一次次绝顶后攀上了新的敏感台阶。\n只需一丝轻触，成片的酥麻便如电流般在肌肤上炸裂窜行，凶猛程度远超她以往任何一次的绝顶。\n滚烫泛红的皮肤上汗如泉涌顺着全身淌落，下体狂涌爱液几近潮吹，她被这远超寻常的强绝顶冲得几乎失神，剧烈颤栗着无从逃脱。
1204,action_part_s_orgasm_strong_A,0,t_imprisonment_1&CVP_A2_G_E_0,陌生的{TargetName}被囚锁其中，早已被逼着让皮肤连绝了许多回，如今敏感度整整拔高了一阶。\n此刻连一点点碰触都能令整片皮肤瞬间迸出成片酥麻，如潮水漫过全身，强得叫她连一寸肌肤都承受不住。\n泛红发烫的肌肤汗水如瀑滚落，爱液从花穴狂喷而出，她意识几乎被这股非同寻常的强绝顶冲垮，浑身失控颤抖，惊惶的泪水不住涌落。

1205,action_part_s_orgasm_strong_A,0,t_imprisonment_1&CVP_A2_G_GE_1&CVP_A2_G_LE_2,被囚于单人牢房的{TargetName}成片的皮肤骤然彻底泛红发烫，一场远胜以往的强绝顶如电流般窜遍每一寸肌肤。\n这是连续攀顶太多次后敏感度陡然跃升一个台阶所迎来的剧烈高潮，连最轻的触碰都让皮肤颤栗到几乎失控。\n汗水如瀑从毛孔狂涌，淌落全身，花穴深处大量爱液喷涌，泪水糊满眼角，她却仍含泪不解地望着{Name}，不懂喜欢的人为何这般待她。
1206,action_part_s_orgasm_strong_A,0,t_imprisonment_1&CVP_A2_G_GE_1&CVP_A2_G_LE_2,一阵猛烈到无法承受的酥麻自被玩弄的皮肤成片炸开，{TargetName}整具身子在牢中剧烈弓起又瘫软。\n敏感度攀升一级后的强绝顶远超从前任何一次普通高潮，连普通皮肤都被开发得如此淫乱，快感强得叫她意识几乎被冲垮。\n大颗汗珠顺着泛红发烫的肌肤滚落，下体爱液狂涌甚至小幅潮吹，她泪眼婆娑地望向囚禁自己的{Name}，满心委屈与迷惘。
1207,action_part_s_orgasm_strong_A,0,t_imprisonment_1&CVP_A2_G_GE_1&CVP_A2_G_LE_2,被反复调教到反常敏感的皮肤此刻再度成片战栗，{TargetName}迎来了一场强度远胜普通绝顶的强绝顶。\n酥麻的电流如潮水漫过体表每一寸，肌肉连串痉挛抽搐，身体在冰冷的单人牢里弓成弧线又颓然软下。\n滚烫的汗水从涨红的皮肤上大股淌落，花穴深处爱液如注涌出，泪水不受控地滑落脸颊，她既渴望靠近{Name}又为这被迫的侵犯而痛苦。
1208,action_part_s_orgasm_strong_A,0,t_imprisonment_1&CVP_A2_G_GE_1&CVP_A2_G_LE_2,连普通皮肤都被玩到高潮的反常快感成片席卷而来，{TargetName}在囚牢中承受着一场剧烈失控的强绝顶。\n这快感是敏感度跃升一档后才有的强度，比以往任何普通绝顶都汹涌，酥麻窜过肌肤令她全身连连颤抖。\n泛红发烫的皮肤上汗水瀑布般涌出，下体大量爱液喷涌而出，她带着哭腔无声质问着{Name}，却仍在挣扎与顺从间摇摆。
1209,action_part_s_orgasm_strong_A,0,t_imprisonment_1&CVP_A2_G_GE_1&CVP_A2_G_LE_2,{TargetName}被囚的娇躯猛地绷紧，成片皮肤泛起潮红并腾起灼热，一场非同寻常的强绝顶轰然贯穿全身。\n历经连续攀顶后敏感度更上一层，如今连最细微的碰触都能引爆遍布肌肤的剧烈快感，强得几乎将她意识冲垮。\n汗水自滚烫的体表汹涌淌下，爱液从花穴狂涌沾湿腿间，泪珠一颗颗坠落，她眼里满是对{Name}的不解与深藏的眷恋。

1210,action_part_s_orgasm_strong_A,0,t_imprisonment_1&CVP_A2_G_GE_3&CVP_A2_G_LE_4,被囚禁的{TargetName}手腕仍被锁链缚着，可她全身的皮肤却毫无预兆地掀起了一场远超以往的剧烈绝顶。\n连续多次的高潮早已把肌肤的敏感推上了一个全新的台阶，如今连最轻的一丝触碰都能让成片皮肤如过电般酥麻战栗。\n泛红发烫的肌肤上汗水如瀑倾涌、淌满全身，下体也反射性地狂涌爱液，甚至溅出一小股潮吹。\n她甘愿在爱人的牢笼里承受这份近乎失控的极致快感，把这份囚禁当作恋人独有的情趣，沉沦其中。
1211,action_part_s_orgasm_strong_A,0,t_imprisonment_1&CVP_A2_G_GE_3&CVP_A2_G_LE_4,锁链在{TargetName}腕间轻响，她被囚在这方寸之地，此刻却因皮肤连番绝顶后拔高的敏感而迎来了一场非常强烈的高潮。\n本不该有性感的普通皮肤竟被开发到只要被轻轻抚过，酥麻的快感便成片漫开、劈遍全身。\n她通体潮红，汗珠密密地从每一寸肌肤里沁出、滑落，花穴深处也不受控地淌出大量爱液。\n意识几乎被这股强绝顶冲垮，她却满心甜蜜，只因囚禁她的是深爱的博士。
1212,action_part_s_orgasm_strong_A,0,t_imprisonment_1&CVP_A2_G_GE_3&CVP_A2_G_LE_4,{TargetName}虽被关在爱人的囚笼中，皮肤却在一次次绝顶的累积下攀上了新的敏感高度，终于迎来这场远胜从前的强烈绝顶。\n这一刻连风拂过肌肤都成了难以承受的刺激，酥麻的电流一波接一波地窜过全身的皮肤。\n她泛红的躯体被瀑布般的汗水浸得晶亮，下体亦反射性地涌出滚烫爱液，濡湿了一大片。\n她失神地颤栗着，却因这是恋人给予的极致而甘之如饴。
1213,action_part_s_orgasm_strong_A,0,t_imprisonment_1&CVP_A2_G_GE_3&CVP_A2_G_LE_4,被爱人监禁的{TargetName}此刻整片肌肤都在剧烈痉挛，连续绝顶后骤然拔高的敏感让她迎来了一场强度惊人的高潮。\n这远非从前那种普通绝顶可比，皮肤上每一处都酥麻得几乎要烧起来，成片的战栗从体表劈进骨髓。\n她通身发烫泛红，汗水如决堤般顺着肌肤滚落，花穴也失控地喷涌爱液。\n她在囚笼里颤抖失神，心底却盈满了被恋人彻底占有的幸福。
1214,action_part_s_orgasm_strong_A,0,t_imprisonment_1&CVP_A2_G_GE_3&CVP_A2_G_LE_4,{TargetName}腕上的镣铐还沉沉坠着，她全身的皮肤却已在连番高潮的堆叠后敏感到了一个新台阶，被推入一场极强的绝顶。\n哪怕最细微的碰触，都能让酥麻的快感如潮水般在整片肌肤上炸开、蔓延至四肢百骸。\n她泛红的皮肤沁满汗珠、淌成一片水光，下体亦狂涌爱液、伴着一小股潮吹溅落。\n她甘愿在恋人的囚牢里献出这具颤栗的身体，深深沉溺在这份极致里。

1215,action_part_s_orgasm_strong_A,0,t_imprisonment_1&CVP_A2_G_GE_-2&CVP_A2_G_LE_-1,被囚禁的{TargetName}早已认命，再不反抗，只麻木地承受着一切。\n可她的皮肤在连番绝顶后被开发上了新的台阶，此刻成片泛红发烫，酥麻如电流般窜遍全身，一个远超以往的强绝顶骤然贯穿了她。\n肌肉不受控地连续痉挛，大量汗水如瀑布般从毛孔涌出淌落，花穴深处爱液狂涌而下，她在这违背心意的强绝顶里失神颤栗。
1216,action_part_s_orgasm_strong_A,0,t_imprisonment_1&CVP_A2_G_GE_-2&CVP_A2_G_LE_-1,牢里的{TargetName}以消极麻木的姿态服从着上司的每道命令，早不再挣扎。\n然而连续多次绝顶后她的皮肤敏感得可怕，连最轻的碰触都令整片肌肤成片战栗，一股比普通绝顶猛烈数倍的强绝顶轰然袭来。\n汗水从涨红发烫的皮肤上大颗大颗地滚落，全身肌肉一波波抽搐绷紧，下体爱液喷涌而出甚至溅出细小的水花，意识几乎被这股快感彻底冲垮。
1217,action_part_s_orgasm_strong_A,0,t_imprisonment_1&CVP_A2_G_GE_-2&CVP_A2_G_LE_-1,被关押的{TargetName}认命地垂着头，任凭上司摆布，脸上是屈服后的空茫。\n可她那被反复调教的皮肤早已失控般敏感，此刻整片肌肤泛红滚烫，酥麻的电流从表面成片漫开劈进脑髓，一个失控的强绝顶将她狠狠掀翻。\n身体反复弓起又瘫软，汗如泉涌顺着皮肤淌满全身，生理性泪水夺眶而出，花穴深处大量爱液狂泄，她在颤栗中彻底失神。
1218,action_part_s_orgasm_strong_A,0,t_imprisonment_1&CVP_A2_G_GE_-2&CVP_A2_G_LE_-1,囚牢中的{TargetName}早把自己当成了上司的所有物，麻木顺从地承受这场调教。\n偏偏她的皮肤在无数次绝顶后升上了新的敏感台阶，连一丝触碰都能引爆全身，一场远胜寻常的强绝顶如洪流般贯穿了她的每一寸肌肤。\n她涨红的皮肤上汗珠成片渗涌淌落，肌肉剧烈而连续地痉挛抽搐，下身爱液汹涌溢出，她在这不由自主的极强快感里颤抖到失神。
1219,action_part_s_orgasm_strong_A,0,t_imprisonment_1&CVP_A2_G_GE_-2&CVP_A2_G_LE_-1,被囚禁的{TargetName}再无半点反抗之心，只以近乎麻木的沉默任由摆布。\n然而她的皮肤经连番绝顶已敏感到反常的地步，此刻成片肌肤烧得通红发烫，酥麻如电般窜过体表，一个强度远超普通绝顶的强绝顶骤然炸开。\n全身肌肉失控绷紧抽搐，大量汗水从毛孔喷涌淌满全身，花穴深处爱液狂涌甚至伴着小幅潮吹，她在这违逆意志的强绝顶中彻底沦陷。

1220,action_part_s_orgasm_strong_A,0,t_imprisonment_1&CVP_A2_G_GE_-4&CVP_A2_G_LE_-3,甘愿做主人宠物的{TargetName}被囚在监牢深处，那片被反复玩弄的皮肤骤然掀起远超以往的剧烈战栗。\n在连续攀上绝顶无数次之后，皮肤的敏感度已跃升到一个全新的台阶，连最轻的碰触都能引爆全身的疯狂颤栗。\n酥麻如电流般自肌肤表面成片炸开窜遍周身，本不该有情欲的普通皮肤竟被开发得这般淫乱。\n泛红发烫的皮肤上汗水如瀑涌出淌满全身，下体也狂涌爱液，她在这强绝顶里失神颤栗，满心是被主人调教至此的迷醉。
1221,action_part_s_orgasm_strong_A,0,t_imprisonment_1&CVP_A2_G_GE_-4&CVP_A2_G_LE_-3,早已认命为主人肉便器的{TargetName}蜷在单人监牢里，全身皮肤在这一刻爆发出前所未有的猛烈快感。\n经历过连番绝顶的洗礼，这片皮肤的感度已经拔高了一层，如今每一寸表面都敏感到难以承受。\n战栗自被抚弄的皮肤成片漫开，像烧红的电流一路烧遍四肢百骸。\n她的皮肤彻底泛红滚烫，大颗汗珠从毛孔汹涌淌下，下体同时喷涌出滚烫爱液，整具身子在这远胜寻常的强绝顶中剧烈痉挛。
1222,action_part_s_orgasm_strong_A,0,t_imprisonment_1&CVP_A2_G_GE_-4&CVP_A2_G_LE_-3,被监禁着却满心欢喜的{TargetName}早把这囚笼当成侍奉主人的乐土，此刻皮肤迎来了一场惊人的强绝顶。\n在同一片皮肤上连续高潮太多次后，它的敏感度悄然跨上新的台阶，轻轻一碰便能让她浑身酥软颤抖。\n那股酥麻如潮水般自皮肤铺开，窜过每一寸肌理直劈进脑髓。\n通红发烫的皮肤上汗水如注淌落，下身爱液止不住地狂泄而出，她在剧烈失控的颤栗里献媚般地承受着这份快感。
1223,action_part_s_orgasm_strong_A,0,t_imprisonment_1&CVP_A2_G_GE_-4&CVP_A2_G_LE_-3,彻底沦为主人专属性奴的{TargetName}在牢中卑微地颤抖，皮肤被玩到极致后炸开了一场凶猛的强绝顶。\n反复登顶将这片皮肤的感度推高了一个档次，此刻连一丝气流拂过都会让她战栗不已。\n酥麻的快感自表面成片扩散，如电流窜遍全身无处可逃。\n她的皮肤泛红发烫、汗如雨下淌满周身，下体也随之狂涌大量爱液甚至溅出细流，整具身体在这强烈绝顶中剧烈弓起又瘫软。
1224,action_part_s_orgasm_strong_A,0,t_imprisonment_1&CVP_A2_G_GE_-4&CVP_A2_G_LE_-3,把被囚禁视作莫大恩宠的{TargetName}在监牢里迎来皮肤的猛烈强绝顶，比以往任何一次都要剧烈。\n那片皮肤在连绵不断的高潮后感度攀上新阶，如今哪怕最轻微的触碰都会激起满身颤栗。\n酥麻战栗自被玩弄的皮肤一路蔓延，烧遍四肢直至意识几近被冲垮。\n泛红滚烫的皮肤上汗水成瀑般滑落，下体大量爱液汹涌而出，她在失神的颤抖里沉醉于被主人开发到如此地步的淫靡。

1225,action_part_s_orgasm_strong_A,0,t_unconscious_flag_1&target_not_sleep_h_awake_but_pretend_sleep,熟睡中的{TargetName}身体骤然剧烈痉挛，连成片的皮肤都在梦里烧了起来。\n这已是在同一处连续绝顶多次后攀上新台阶的强烈高潮，敏感的皮肤连最轻的碰触都难以承受，酥麻如电流般成片窜遍全身，强度远超以往任何一次普通绝顶。\n彻底泛红发烫的皮肤上大量汗水如瀑布般从毛孔涌出淌落，下体花穴反射性地狂涌爱液，她却始终没有醒来，只在睡梦中无意识地颤栗抽搐着。
1226,action_part_s_orgasm_strong_A,0,t_unconscious_flag_1&target_not_sleep_h_awake_but_pretend_sleep,睡梦中的{TargetName}毫无防备地迎来一场远胜从前的强绝顶，成片的皮肤如通了电般连续战栗。\n这是在同处连绝太多次后敏感度攀升一阶所迸发的强烈高潮，本不该有性感的普通皮肤竟被开发得连一丝气流拂过都难以承受。\n泛红发烫的肌肤上汗水滚滚淌落，下体爱液狂涌甚至微微潮吹，她却依旧沉睡未醒，只在梦里无意识地弓腰颤抖抽搐。
1227,action_part_s_orgasm_strong_A,0,t_unconscious_flag_1&target_not_sleep_h_awake_but_pretend_sleep,一波远比寻常猛烈的绝顶洪流骤然贯穿熟睡的{TargetName}，全身的皮肤成片酥麻到失控。\n连续绝顶多次后，她的皮肤敏感度已跃上新的台阶，此刻连体表每一寸肌肤都承受不住那如潮水般漫开的强烈快感。\n汗水从发烫的毛孔里瀑布似地涌出淌满周身，花穴大量涌出爱液，肌肉剧烈痉挛，她始终陷在睡梦里没有睁眼，只无意识地剧烈颤栗着。
1228,action_part_s_orgasm_strong_A,0,t_unconscious_flag_1&target_not_sleep_h_awake_but_pretend_sleep,熟睡的{TargetName}被一场极强的绝顶彻底攫住，敏感的皮肤如被电流成片贯穿般疯狂战栗。\n这份强度远超从前任何一次普通绝顶——反复绝顶后皮肤的敏感被推上更高一级，连最轻微的触碰都能引爆全身的颤栗。\n通红发烫的皮肤上汗水淋漓淌落，下体反射性地狂涌爱液，她却安然维持着睡眠，只在梦中无意识地绷紧又瘫软。
1229,action_part_s_orgasm_strong_A,0,t_unconscious_flag_1&target_not_sleep_h_awake_but_pretend_sleep,强烈的绝顶如惊涛般席卷沉睡中的{TargetName}，成片的皮肤都在这一刻烧得发烫、酥麻到极点。\n在同一处连绝多次后敏感度上了新台阶，普通的皮肤此刻竟敏感得连一缕气息都承受不住，快感如电流窜遍周身。\n大量汗水从泛红的肌肤上狂淌，花穴涌出的爱液几乎小幅潮吹，她始终没有醒转，只在无意识里剧烈颤抖抽搐。

1230,action_part_s_orgasm_strong_A,0,t_unconscious_flag_1&target_sleep_h_awake_but_pretend_sleep,佯装熟睡的{TargetName}紧闭双眼，却被一阵猛然炸开的酥麻彻底吞没。\n她那本不该有快感的皮肤，在连番绝顶后敏感度骤然攀上新的台阶，连最轻的触碰都难以招架。\n积攒已久的快意一齐迸发，化作一场远超以往的强绝顶，几乎冲垮她的神志。\n她强忍着维持平稳的鼻息，滚烫泛红的皮肤却涌出大量汗水，下体亦失控地狂淌爱液，出卖了她佯睡的伪装。
1231,action_part_s_orgasm_strong_A,0,t_unconscious_flag_1&target_sleep_h_awake_but_pretend_sleep,意识早已回笼的{TargetName}仍死死闭着眼装睡，任由那股成片扩散的酥麻窜遍肌肤。\n被开发得违背常理的皮肤，在多次绝顶后敏感度更上一层，此刻哪怕一丝摩挲都令她通体战栗。\n蓄积到极点的快感轰然释放，一场比寻常更为凶猛的强绝顶将她的理智几乎撕碎。\n她拼命压着几乎脱口的娇吟，发烫的皮肤沁满汗珠，花穴也止不住地喷涌爱液，微微潮吹的湿意浸透了佯睡的身躯。
1232,action_part_s_orgasm_strong_A,0,t_unconscious_flag_1&target_sleep_h_awake_but_pretend_sleep,{TargetName}明明已醒，却偏要阖眼佯睡，默许着这场对她皮肤的极致侵犯。\n那片寻常的皮肤早被调教得反常敏感，连番高潮后又跃上一个新的台阶，轻轻一碰便是遍体酥麻。\n压抑许久的快感终于成片爆开，凝成一记远胜从前的强绝顶，令她几近失神。\n她咬紧牙关维持着假寐的呼吸，泛红的皮肤汗如雨下，下身也反射般涌出汩汩爱液，颤栗的娇躯几乎撑不住这层伪装。
1233,action_part_s_orgasm_strong_A,0,t_unconscious_flag_1&target_sleep_h_awake_but_pretend_sleep,佯睡的{TargetName}眼睫微微发颤，却仍强撑着不肯睁眼，任那阵电流般的酥麻劈遍皮肤。\n她那副本无性感的皮肤，历经连绵绝顶后敏感度陡增一档，如今连最轻的抚触都承受不住。\n囤积已久的快感骤然齐齐迸发，化作一场凌驾于普通绝顶之上的强绝顶，将她的意识冲得七零八落。\n她极力咽下呻吟维持鼻息，滚烫皮肤渗满汗水，蜜穴亦狂涌爱液，那具装睡的身子在剧烈痉挛里彻底失守。
1234,action_part_s_orgasm_strong_A,0,t_unconscious_flag_1&target_sleep_h_awake_but_pretend_sleep,装睡的{TargetName}屏着气不敢出声，一场蓄势已久的强绝顶却猛然将她席卷。\n她那本该毫无快感的皮肤，被反复玩弄到敏感度攀上崭新台阶，连最细微的触碰都化作难耐的酥麻成片漫开。\n压抑至极的快意一齐奔涌，远远盖过以往的任何一次绝顶，几乎冲垮她佯睡的意志。\n她死撑着平稳的呼吸，泛红发烫的皮肤汗流不止，下体失禁般涌出大量爱液，颤抖的娇躯险些泄了底。

1235,action_part_s_orgasm_strong_A,0,t_unconscious_flag_2,烂醉的{TargetName}瘫软着，意识被酒精泡得一片模糊，可就连这样一具连坐都坐不稳的醉躯，也迎来了一场远超以往的皮肤强绝顶。\n那本不该有性感的皮肤经反复调教后敏感度攀上新台阶，连最轻的碰触都化作电流般酥麻成片窜过肌肤，逼得她通体泛红发烫。\n汗水如瀑布般自毛孔狂涌淌满全身，肌肉一阵阵剧烈痉挛，花穴也反射性地涌出大量爱液。
1236,action_part_s_orgasm_strong_A,0,t_unconscious_flag_2,醉意朦胧的{TargetName}眼神涣散，酒劲上头让她连挣扎的力气都没有，偏偏这具软绵绵的身子却在此刻被推上了皮肤的强绝顶。\n经过无数次连续绝顶的开发，她的皮肤敏感度早已上了一个全新的档次，酥麻的战栗如潮水般从体表成片漫开，一寸寸肌肤都难以承受。\n泛红发烫的肌肤上汗珠密密涌出，身体反复弓起又瘫软，下体更是止不住地淌出汹涌的爱液，甚至溅出小股潮吹。
1237,action_part_s_orgasm_strong_A,0,t_unconscious_flag_2,因醉酒而神志不清的{TargetName}，只凭身体本能微弱地配合着，可就是这半梦半醒的状态里，皮肤竟迎来了一场烈度惊人的强绝顶。\n本该毫无快感的普通皮肤被开发得反常敏感，此刻连一丝碰触都点燃成片酥麻，如电流窜遍全身，远比寻常绝顶更为猛烈。\n她通体绯红滚烫，汗如雨下淌落，肌肉连绵抽搐，花穴深处也不受控地喷涌出大量爱液，与醉态交织成淫靡的一团。
1238,action_part_s_orgasm_strong_A,0,t_unconscious_flag_2,醉得不省人事的{TargetName}瘫在那里任人摆布，模糊的意识几乎被这突如其来的强绝顶彻底冲垮，整个人失神地颤栗着。\n她的皮肤在连续多次高潮后敏感到了违背常理的地步，最轻微的触碰都激起电流般的酥麻成片扩散，逼得体表每一寸都战栗不止。\n发烫泛红的肌肤上汗水如注般涌落，身躯剧烈痉挛，生理性泪水夺眶而出，下身也反射性地狂涌爱液，湿了一大片。
1239,action_part_s_orgasm_strong_A,0,t_unconscious_flag_2,沉浸在浓重醉意里的{TargetName}意识一片混沌，只余身体本能地承接着这场远胜从前的皮肤强绝顶，连呻吟都带着醉后的黏糊。\n那被反复调教到反常敏感的皮肤，此刻连最轻的抚弄都化成酥麻的电流成片窜过，一波波酥软的战栗几乎要把她整个人淹没。\n滚烫泛红的肌肤汗水涔涔淌落全身，肌肉不受控地连连抽搐，花穴也随之涌出大量爱液，醉与欲在这一刻烧成一片。

1240,action_part_s_orgasm_strong_A,0,target_time_stop_orgasm_relase,{Name}松手解开了时间停止，时停中被硬生生按停的漫长快感在{TargetName}身上一齐决堤。\n那片本不该有半分性感的皮肤，早被反复调教到连微风般的轻触都会战栗，此刻积压的酥麻如电流般成片炸裂，敏感度骤然拔高一个台阶，一场远胜以往的强绝顶轰然砸落。\n她的皮肤瞬间烧得通红发烫，汗水如瀑从毛孔喷涌淌满全身，花穴里爱液狂喷，娇躯在失控的连续痉挛中反复弓起又瘫软。
1241,action_part_s_orgasm_strong_A,0,target_time_stop_orgasm_relase,时间重新流动的一刹那，被时停封存的每一寸触碰快感朝{TargetName}的皮肤一齐灌回。\n连普通皮肤都被玩到能高潮的反常敏感在此刻暴露无遗，成片的酥麻如潮水漫过肌肤，敏感度陡然跃上新的台阶，一场比寻常绝顶猛烈数倍的强高潮将她整个吞没。\n泛红的皮肤滚烫得几乎冒烟，滂沱的汗水顺着痉挛的身躯淌落，下身爱液汹涌而出，她在剧烈失控的颤栗里失神弓腰。
1242,action_part_s_orgasm_strong_A,0,target_time_stop_orgasm_relase,{Name}一念之间撤去时停，{TargetName}的意识与身体骤然被积攒已久的快感洪流冲垮。\n那片被反复开发的皮肤连最轻的碰触都再难承受，一齐爆发的酥麻如电流般窜遍全身，敏感度更上一层，迎来一场远超普通绝顶的强烈峰值。\n她皮肤成片涨红发热，汗珠如雨般淌满周身，花穴狂涌爱液甚至伴着小股潮吹，整具身子在失控的抽搐中一次次弓起塌下。
1243,action_part_s_orgasm_strong_A,0,target_time_stop_orgasm_relase,时停解放的瞬间，{TargetName}体表所有被暂停的酥麻同时苏醒，朝她的皮肤一股脑倾泻。\n这具本无性感可言的皮肤早被调教得连呼吸拂过都能颤抖，此刻积压的快感成片炸开，敏感度抬升一阶，一场凌驾于普通绝顶之上的强绝顶轰然降临。\n发烫的皮肤红透，汗水如瀑淌落，下体爱液喷涌而出，她在难以自控的剧烈痉挛中反复弓腰又瘫软失神。
1244,action_part_s_orgasm_strong_A,0,target_time_stop_orgasm_relase,{Name}解除时间停止，被时停生生截断的快感在{TargetName}身上排山倒海地一齐回涌。\n连普通皮肤都能被逼到高潮的诡异敏感在这一刻彻底显形，如电流般的酥麻成片窜过肌肤，敏感度攀上新台阶，一场远比以往剧烈的强高潮席卷全身。\n她皮肤大片烧红滚烫，汗水如注淌满娇躯，花穴狂喷爱液，整个人在失控的连续战栗中弓起又软倒。

1245,action_part_s_orgasm_strong_A,0,t_unconscious_flag_4,{TargetName}的皮肤在连续攀上高峰无数次后，敏感度又拔高了一个台阶，此刻迎来一场远胜寻常的强烈绝顶。\n成片的皮肤骤然泛红发烫，酥麻如电流般窜遍全身，大量汗水从毛孔奔涌而出淌满肌肤，花穴也反射性地狂涌出爱液。\n然而在被催眠的平然状态下，她只是理所当然地承受着这一切，面色平静，仿佛连普通皮肤都被玩到高潮不过是再自然不过的寻常事。
1246,action_part_s_orgasm_strong_A,0,t_unconscious_flag_4,敏感度节节攀升之后，{TargetName}全身的皮肤终于承受不住那铺天盖地的酥麻，猛地绷起后又瘫软，陷入一场强度惊人的绝顶。\n每一寸肌肤都战栗着透出艳红，汗珠如瀑布般顺着肢体滚落，下身也涌出大量爱液沾湿一片。\n可她在平然的心境里只是平静地接纳这波冲击，眼神安然，觉得自己的皮肤会这般敏感高潮本就顺理成章。
1247,action_part_s_orgasm_strong_A,0,t_unconscious_flag_4,经历一轮又一轮的绝顶后，{TargetName}的皮肤敏感到了新的高度，连最轻的触碰都能引燃全身，将她卷入一场剧烈的强绝顶。\n泛红的肌肤密布着鸡皮疙瘩，滚烫的汗水大量涌出淌遍周身，花心也失控般喷涌出爱液。\n她却在催眠下神情淡漠地全盘接受，没有半分羞耻或抗拒，只当这场皮肤的极致高潮是天经地义的平常反应。
1248,action_part_s_orgasm_strong_A,0,t_unconscious_flag_4,在皮肤连番绝顶之后，那份敏感被推上了前所未有的台阶，{TargetName}整具身子被一波远超以往的强烈快感彻底掀翻。\n成片皮肤滚烫潮红，汗水如注般淌落，生理性泪水涌出眼眶，下体更是狂涌爱液甚至微微潮吹。\n然而平然的她只是安然承受，面容不起波澜，理所当然地把这场皮肤高潮当成分内之事一般坦然领受。
1249,action_part_s_orgasm_strong_A,0,t_unconscious_flag_4,{TargetName}的皮肤在反复登顶后敏感度攀上新阶，此刻那股酥麻凶猛得连每一寸体表都难以招架，逼出一场极强的绝顶。\n通红发烫的肌肤剧烈痉挛，大量汗水奔涌而下浸透全身，花穴同时汹涌溢出爱液。\n可在平然心态下她只是平静地照单全收，眉眼安详，仿佛普通皮肤被开发到能高潮这件事根本不值一提。

1250,action_part_s_orgasm_strong_A,0,t_unconscious_flag_5,{TargetName}的皮肤早已被反复调教到连最轻微的碰触都会颤栗的地步，此刻整片皮肤成片地泛起潮红发烫，一阵远超以往的强烈快感如电流般窜遍全身。\n她的身体剧烈痉挛抽搐，腰肢深深弓起又瘫软，汗水如瀑布般从毛孔涌出淌落，花穴里大量爱液狂涌而出。\n可她却仿佛什么都没发生一般，眼神放空地继续着手头的事情，将这场足以冲垮意识的强绝顶当成了不存在的空气。
1251,action_part_s_orgasm_strong_A,0,t_unconscious_flag_5,连普通皮肤都被开发成敏感性感带的{TargetName}，此刻迎来了敏感度攀升一个台阶后的强烈绝顶，酥麻的战栗从体表每一寸肌肤成片扩散开来。\n泛红发烫的皮肤上汗珠成串滚落，肌肉不受控地连续抽搐，下体爱液汹涌喷洒，身子反复弓起又软塌。\n然而她却毫无察觉般维持着原本的动作，对自身这场剧烈的强绝顶视若无睹，仿佛周遭与身上的一切都与她无关。
1252,action_part_s_orgasm_strong_A,0,t_unconscious_flag_5,这是一次在皮肤连续绝顶多次后、敏感度骤然拔高所迎来的强绝顶，快感的洪流从被抚弄的肌肤劈进全身。\n{TargetName}整片皮肤瞬间涨红滚烫，生理性泪水涌出，剧烈的痉挛一波接一波席卷周身，爱液大量淌落。\n可被催眠的她只是空洞地眨了眨眼，继续做着手上的事，仿佛这场几乎要将她冲垮的强绝顶不过是拂过身旁的空气。
1253,action_part_s_orgasm_strong_A,0,t_unconscious_flag_5,远超普通绝顶的强烈快感沿着{TargetName}早已被玩弄得极度敏感的皮肤成片炸开，酥麻的电流窜过每一寸肌肤。\n她的身体连续剧烈地颤抖抽搐，皮肤泛红发烫、汗如雨下，花穴狂涌的爱液甚至伴着小幅潮吹喷洒而出。\n但她的注意力始终落在自己正在进行的工作上，对这场剧烈到失控的强绝顶浑然不觉，如同身上什么都不曾发生。
1254,action_part_s_orgasm_strong_A,0,t_unconscious_flag_5,{TargetName}那本不该有性感的皮肤，如今却在连续高潮后被推上了新的敏感台阶，一场非常强烈的绝顶轰然降临。\n成片的肌肤烫红颤栗，肌肉剧烈痉挛，汗水与爱液齐齐涌出，腰身深深弓起后又软软塌下。\n她却仿佛感知不到这一切，木然地继续着手头的活计，将全身翻涌的强烈快感当成了不存在的空气一般彻底无视。

1255,action_part_s_orgasm_strong_A,0,t_unconscious_flag_6&t_hypnosis_blockhead,被精神控制而僵在原地的{TargetName}连一根手指都动弹不得，皮肤却毫无预兆地成片泛红发烫。\n在这处肌肤被反复玩弄到连续绝顶数回、敏感度拔高一个台阶之后，一股如电流般窜遍全身的酥麻快感终于逼出了一场远胜以往的强绝顶。\n汗水如瀑布般自毛孔汹涌淌落，下体反射性地狂涌出大量爱液，唯有那清醒的意识在被迫的极乐里被冲得几近溃散，只余满心羞耻。
1256,action_part_s_orgasm_strong_A,0,t_unconscious_flag_6&t_hypnosis_blockhead,{TargetName}的身子被控制得僵直如木，明明动弹不得，全身的皮肤却在这一刻烫得发红。\n那是连续绝顶太多次后敏感度攀上新台阶所迎来的强烈绝顶，酥麻的快感如潮水漫过每一寸肌肤，强得连体表都难以承受。\n豆大的汗珠成片渗出淌满娇躯，花穴止不住地涌出爱液甚至微微潮吹，她清醒的神智在这场被迫的强绝顶中几乎被彻底冲垮。
1257,action_part_s_orgasm_strong_A,0,t_unconscious_flag_6&t_hypnosis_blockhead,无法自主活动的{TargetName}被牢牢定在原处，可她那片被开发得违背常理的皮肤仍旧不受控地阵阵战栗。\n经历过一轮又一轮的绝顶后，这处肌肤的敏感度已被推高一档，此刻迎来的强绝顶远比寻常绝顶更为猛烈。\n滚烫的汗水如注般淌落全身，下体大量爱液喷涌而出，被精神控制的她只能睁着清醒的双眼，被迫承受这灭顶般的快感冲击。
1258,action_part_s_orgasm_strong_A,0,t_unconscious_flag_6&t_hypnosis_blockhead,被体控锁死了身体的{TargetName}连躲闪都做不到，皮肤却像被点燃一般整片滚烫泛红。\n在这里反复高潮到敏感度节节攀升之后，最轻微的碰触都能引爆全身颤栗，此刻的强绝顶来势汹汹，强度远超普通绝顶。\n汗如雨下浸透了她全身的肌肤，爱液从花穴大股大股地狂淌，唯有意识仍清明的她，在这被迫的极致快感里失神颤抖。
1259,action_part_s_orgasm_strong_A,0,t_unconscious_flag_6&t_hypnosis_blockhead,精神被牢牢掌控的{TargetName}僵在那里一动不能动，可她的皮肤却成片发烫，泛起潮红。\n这处本不该有性感的肌肤，在被玩到连续绝顶无数次后敏感得超乎寻常，如今迎来一场几乎要将她意识冲垮的强绝顶。\n汗水从每一个毛孔奔涌而出淌满娇躯，下体也反射性地涌出大量爱液，被迫承欢的她心底翻涌着难以言喻的羞耻与迷乱。

1260,action_part_s_orgasm_strong_A,0,t_unconscious_flag_6&t_hypnosis_active_h,被精神操控的{TargetName}又一次在皮肤上迎来了远超以往的强烈绝顶，连番的高潮早把这具身体的皮肤敏感度顶上了新台阶。\n她心底尚存的意识还在无声抗拒，被操纵的身躯却主动迎着那股酥麻颤栗，大片皮肤霎时泛红滚烫，汗水如注般涌出淌落，下体反射性地狂涌爱液，本无性感的肌肤竟被开发到这般失控的地步。
1261,action_part_s_orgasm_strong_A,0,t_unconscious_flag_6&t_hypnosis_active_h,在无形的操控下，{TargetName}的皮肤成片地窜过电流般的战栗，这是连续绝顶多次、敏感度攀升一阶后才迎来的极强高潮。\n她脑中残留的清明拼命想要压下这违背常理的快意，可身体偏偏主动挺迎，泛红发烫的皮肤上汗珠密密涌出滑落，肌肉连片痉挛，下体大量爱液喷涌而出，那份远胜从前的烈度将她冲得失神颤抖。
1262,action_part_s_orgasm_strong_A,0,t_unconscious_flag_6&t_hypnosis_active_h,{TargetName}被操纵的身体主动绷紧起来，皮肤表面一阵接一阵地掀起酥麻的高潮浪潮，这份强度是普通绝顶远不能及的。\n她心里明明抗拒着这种反常的沉沦，四肢却违心地迎合痉挛，成片皮肤烫得通红，汗水瀑布似的淌满全身，爱液自下体汹涌溢出，连最普通的皮肤都被玩到这般敏感，令这场强绝顶显得格外淫靡失控。
1263,action_part_s_orgasm_strong_A,0,t_unconscious_flag_6&t_hypnosis_active_h,精神控制之下，{TargetName}的整片皮肤都难以承受那如潮涌来的强烈快感，连最轻微的碰触都能引爆全身的颤栗。\n她意识清醒却做不了主，身体主动地追逐着这份敏感度飙升后的强绝顶，滚烫泛红的皮肤上汗水层层沁出淌落，肌肉剧烈抽搐，下体爱液狂涌甚至溅出，反常的敏感让这具躯体在违心的迎合里彻底失控战栗。
1264,action_part_s_orgasm_strong_A,0,t_unconscious_flag_6&t_hypnosis_active_h,又一波极强的绝顶从被抚弄的皮肤成片扩散开来，{TargetName}在操控中迎来了敏感度跃升后那种几乎撑不住的高潮。\n她心底翻腾着抗拒与羞耻，可被控制的身躯却主动颤抖迎合，泛红的皮肤热得发烫，大量汗水淋漓淌下，下体反射性地涌出滚烫爱液，本该毫无快感的普通肌肤竟能被逼出这般强烈的绝顶，令她既沉沦又惊惶。
